..\OpenARK_test\CVAR\P1\000000_depth.png 211.231 111.986 611.457 191.373 95.0563 613.057 179.351 88.7918 608 163.148 93.9444 605.671 135.072 131.492 584.255 
..\OpenARK_test\CVAR\P1\000001_depth.png 211.231 111.986 611.457 191.373 95.0563 613.057 179.351 88.7918 608 163.148 93.9444 605.671 135.072 131.492 584.255 
..\OpenARK_test\CVAR\P1\000002_depth.png 211.792 112.951 604.735 192.553 95.4591 607.689 180.037 88.9234 604.902 164.046 95.3054 606.897 135.73 132.554 585.125 
..\OpenARK_test\CVAR\P1\000003_depth.png 211.52 112.887 604.782 192.163 95.5876 611.128 179.276 89.0436 606.169 163.232 94.8664 610.671 135.126 133.412 587.067 
..\OpenARK_test\CVAR\P1\000004_depth.png 210.318 112.996 606.443 190.201 95.9838 614.312 178.325 89.1101 606.145 162.394 96.4758 607.154 134.629 133.367 587.645 
..\OpenARK_test\CVAR\P1\000005_depth.png 209.693 113.048 608.513 189.294 95.6775 609.318 177.648 89.97 602.282 161.553 95.8451 607.297 133.972 134.149 584.782 
..\OpenARK_test\CVAR\P1\000006_depth.png 208.213 112.884 607.182 188.349 96.0799 611.242 175.939 88.9949 603.827 160.355 94.9277 605.081 132.737 133.414 585.275 
..\OpenARK_test\CVAR\P1\000007_depth.png 208.235 112.663 609.885 189.791 94.7512 608.88 176.348 87.9178 601.675 160.611 94.8673 601.51 132.471 131.284 580.6 
..\OpenARK_test\CVAR\P1\000008_depth.png 208.052 112.089 607.081 187.664 93.8384 611.777 176.48 87.0514 599.851 160.641 92.9806 599.68 131.421 130.337 579.268 
..\OpenARK_test\CVAR\P1\000009_depth.png 207.715 114.041 610.219 189.565 94.7374 609.739 177.483 86.9847 602.052 161.182 91.8469 596.875 131.582 129.292 574.702 
..\OpenARK_test\CVAR\P1\000010_depth.png 207.736 112.881 612.507 187.419 93.7317 607.552 177.241 86.8813 600.551 161.18 91.84 599.513 131.529 128.825 574.326 
..\OpenARK_test\CVAR\P1\000011_depth.png 207.194 114.728 614.369 188.313 94.571 610.464 177.93 86.9853 600.882 161.438 91.8976 596.868 131.999 127.525 569.416 
..\OpenARK_test\CVAR\P1\000012_depth.png 206.139 115.71 616.064 189.188 97.2724 615.444 177.605 87.1202 602.986 161.522 91.8282 597.474 131.453 127.933 568.367 
..\OpenARK_test\CVAR\P1\000013_depth.png 206.037 116.063 616.077 189.261 97.1725 610.535 178.199 87.8774 604.333 161.973 91.9921 595.052 131.513 127.8 563.539 
..\OpenARK_test\CVAR\P1\000014_depth.png 204.385 117.506 617.694 188.531 97.6748 615.632 178.273 87.7333 603.881 162.397 90.9336 594.028 131.494 125.89 561.857 
..\OpenARK_test\CVAR\P1\000015_depth.png 203.523 117.873 619.738 186.843 96.8423 612.481 178.121 87.8805 602.208 162.435 90.8945 590.534 131.471 124.824 553.815 
..\OpenARK_test\CVAR\P1\000016_depth.png 203.242 118.661 621.11 187.531 98.2879 615.269 178.785 87.834 600.734 163.384 90.9088 592.813 132.363 124.021 552.821 
..\OpenARK_test\CVAR\P1\000017_depth.png 203.005 119.195 624.402 187.553 98.508 614.297 179.319 88.029 602 163.76 90.6345 589.794 132.748 124.376 552.585 
..\OpenARK_test\CVAR\P1\000018_depth.png 202.317 119.625 622.783 187.304 98.841 614.847 179.718 88.0865 601.927 164.082 89.9298 589.375 133.25 123.099 548.835 
..\OpenARK_test\CVAR\P1\000019_depth.png 202.285 120.351 625.866 187.284 98.8467 615.795 179.657 88.8731 603.869 164.558 90.1609 585.806 133.727 123.472 546.863 
..\OpenARK_test\CVAR\P1\000020_depth.png 201.885 121.058 625.206 187.096 98.3901 612.838 180.534 88.9685 605.461 165.455 90.0323 590.179 135.186 121.37 546.608 
..\OpenARK_test\CVAR\P1\000021_depth.png 200.51 120.789 625.796 186.15 98.3057 613.993 179.085 88.9445 602.568 165.158 89.9979 590.817 134.493 122.162 543.312 
..\OpenARK_test\CVAR\P1\000022_depth.png 199.796 121.366 626.365 186.122 99.1751 616.701 179.809 89.0333 606.083 165.103 90.1014 586.569 134.638 122.62 540.449 
..\OpenARK_test\CVAR\P1\000023_depth.png 198.973 121.57 628.53 186.182 100.089 616.18 180.122 89.6554 604.603 165.519 89.9943 586.955 135.351 121.934 541.545 
..\OpenARK_test\CVAR\P1\000024_depth.png 198.906 122.265 628.25 186.01 99.2658 613.96 179.314 90.1278 606.461 166.093 90.895 587.698 136.512 120.986 537.505 
..\OpenARK_test\CVAR\P1\000025_depth.png 198.706 122.494 626.606 185.995 98.8748 615.63 180.771 90.1656 606.386 167.259 90.2403 585.652 136.791 121.297 538.485 
..\OpenARK_test\CVAR\P1\000026_depth.png 181.28 90.6833 608.521 167.818 90.1857 587.132 138.934 119.528 537.177 
..\OpenARK_test\CVAR\P1\000027_depth.png 181.02 91.0609 609.855 167.635 91.1556 589.348 139.156 119.498 534.402 
..\OpenARK_test\CVAR\P1\000028_depth.png 181.114 91.0856 613.132 168.183 91.0226 588.243 139.807 118.568 535.775 
..\OpenARK_test\CVAR\P1\000029_depth.png 179.929 91.8248 608.566 168.276 91.1257 588.087 139.743 118.628 533.958 
..\OpenARK_test\CVAR\P1\000030_depth.png 180.115 91.8169 612.306 169.514 91.0982 591.988 140.517 117.763 532.392 
..\OpenARK_test\CVAR\P1\000031_depth.png 180.623 91.8147 609.571 170.076 91.0148 590.761 141.096 117.474 529.907 
..\OpenARK_test\CVAR\P1\000032_depth.png 180.998 91.8783 607.274 169.466 90.3576 588.75 141.342 117.202 529.555 
..\OpenARK_test\CVAR\P1\000033_depth.png 180.836 91.9415 606.829 170.432 90.1279 588.725 142.197 116.403 530.133 
..\OpenARK_test\CVAR\P1\000034_depth.png 181.362 91.9561 608.382 171.806 90.2965 592.445 144.383 114.744 528.822 
..\OpenARK_test\CVAR\P1\000035_depth.png 170.938 90.0063 589.297 
..\OpenARK_test\CVAR\P1\000036_depth.png 180.223 91.9394 604.146 172.948 90.2554 589.88 145.555 114.043 524.41 
..\OpenARK_test\CVAR\P1\000037_depth.png 172.494 90.2835 587.6 
..\OpenARK_test\CVAR\P1\000038_depth.png 174.465 90.4923 591.805 
..\OpenARK_test\CVAR\P1\000039_depth.png 175.052 91.2992 592.237 
..\OpenARK_test\CVAR\P1\000040_depth.png 176.43 91.5058 598.566 
..\OpenARK_test\CVAR\P1\000041_depth.png 176.906 91.2836 600.12 
..\OpenARK_test\CVAR\P1\000042_depth.png 177.77 91.373 598.635 
..\OpenARK_test\CVAR\P1\000043_depth.png 177.981 91.4634 600.859 
..\OpenARK_test\CVAR\P1\000044_depth.png 177.275 91.3278 602.37 
..\OpenARK_test\CVAR\P1\000045_depth.png 177.402 91.2004 602.671 
..\OpenARK_test\CVAR\P1\000046_depth.png 177.28 91.3142 605.361 
..\OpenARK_test\CVAR\P1\000047_depth.png 178.31 91.2025 600.59 
..\OpenARK_test\CVAR\P1\000048_depth.png 180.235 91.4448 604.932 161.306 109.142 527.66 
..\OpenARK_test\CVAR\P1\000049_depth.png 181.256 92.2789 606.155 163.531 108.672 527.7 
..\OpenARK_test\CVAR\P1\000050_depth.png 182.045 92.2535 609.095 164.214 109.682 528.234 
..\OpenARK_test\CVAR\P1\000051_depth.png 181.447 93.3131 609.021 165.765 109.272 527.767 
..\OpenARK_test\CVAR\P1\000052_depth.png 181.934 93.2528 608.532 
..\OpenARK_test\CVAR\P1\000053_depth.png 183.006 92.9908 606.07 
..\OpenARK_test\CVAR\P1\000054_depth.png 184.514 93.0918 606.661 
..\OpenARK_test\CVAR\P1\000055_depth.png 184.947 93.0348 600.344 
..\OpenARK_test\CVAR\P1\000056_depth.png 185.175 93.2349 604.633 
..\OpenARK_test\CVAR\P1\000057_depth.png 184.989 93.1339 604.983 
..\OpenARK_test\CVAR\P1\000058_depth.png 184.269 93.2048 603.583 
..\OpenARK_test\CVAR\P1\000059_depth.png 184.662 94.0254 610.484 
..\OpenARK_test\CVAR\P1\000060_depth.png 184.789 95.0441 609.197 
..\OpenARK_test\CVAR\P1\000061_depth.png 184.717 95.9557 609.294 
..\OpenARK_test\CVAR\P1\000062_depth.png 184.303 96.079 612.063 
..\OpenARK_test\CVAR\P1\000063_depth.png 183.711 96.2335 617.492 
..\OpenARK_test\CVAR\P1\000064_depth.png 183.439 96.4524 616.409 
..\OpenARK_test\CVAR\P1\000065_depth.png 183.22 97.2451 619.337 
..\OpenARK_test\CVAR\P1\000066_depth.png 170.613 114.292 653.65 162.246 134.402 651.753 
..\OpenARK_test\CVAR\P1\000067_depth.png 198.548 107.835 535.33 184.17 97.1805 620.38 170.604 114.287 654.579 161.985 133.352 647.614 
..\OpenARK_test\CVAR\P1\000068_depth.png 201.827 108.185 535.346 185.758 97.3813 620.641 170.498 113.918 655.547 161.128 133.389 645.682 
..\OpenARK_test\CVAR\P1\000069_depth.png 203.014 108.193 536.794 186.461 97.1973 620.734 170.126 113.411 656.551 160.668 132.181 650.842 
..\OpenARK_test\CVAR\P1\000070_depth.png 204.427 108.783 536.029 187.054 97.2395 618.653 169.315 114.443 655.631 160.211 132.612 646.388 
..\OpenARK_test\CVAR\P1\000071_depth.png 205.566 108.282 537.373 187.824 97.0372 622.782 169.285 114.42 655.45 159.907 131.921 648.759 
..\OpenARK_test\CVAR\P1\000072_depth.png 207.036 108.642 538.88 188.522 97.2003 622.551 168.866 114.05 650.817 159.129 130.955 647.131 
..\OpenARK_test\CVAR\P1\000073_depth.png 209.317 108.818 539.05 189.176 96.8745 618.543 176.963 102.863 647.8 157.292 129.879 640.634 
..\OpenARK_test\CVAR\P1\000074_depth.png 212.159 108.654 539.065 189.996 95.9457 620.319 177.155 102.019 644.397 166.845 111.974 652.146 156.662 128.283 638.465 
..\OpenARK_test\CVAR\P1\000075_depth.png 214.198 108.751 539.78 190.792 95.9625 619.82 177.251 100.961 645.767 166.453 111.444 649.398 155.684 127.154 637.761 
..\OpenARK_test\CVAR\P1\000076_depth.png 216.14 108.932 540.595 191.649 95.1124 624.254 177.043 100.089 641.44 165.953 109.69 645.402 154.926 125.145 636.43 
..\OpenARK_test\CVAR\P1\000077_depth.png 217.641 109.41 537.915 191.856 94.0313 620.62 176.794 99.0203 636.425 165.552 108.375 642.916 154.202 123.814 626.932 
..\OpenARK_test\CVAR\P1\000078_depth.png 218.996 108.579 536.596 191.881 92.7185 614.434 176.669 96.8751 635.392 164.724 106.228 638.053 153.189 121.974 624.528 
..\OpenARK_test\CVAR\P1\000079_depth.png 219.612 107.902 533.794 191.895 91.0363 605.014 175.976 95.0366 631.467 164.276 104.573 634.336 152.473 120.711 623.112 
..\OpenARK_test\CVAR\P1\000080_depth.png 220.388 107.458 532.121 191.517 90.0299 604.703 174.811 94.0026 625.41 163.508 103.334 628.439 151.914 119.505 617.818 
..\OpenARK_test\CVAR\P1\000081_depth.png 221.144 107.031 531.26 191.476 88.7755 605.423 175.006 92.1127 625.208 162.887 101.926 625.65 151.243 118.146 617.011 
..\OpenARK_test\CVAR\P1\000082_depth.png 221.216 105.714 531.989 190.45 86.9201 597.91 173.175 90.6546 618.489 161.339 99.7692 621.583 150.114 116.476 610.739 
..\OpenARK_test\CVAR\P1\000083_depth.png 221.216 104.777 529.054 188.997 85.2262 596.109 171.206 88.9236 611.941 159.274 98.8171 616.273 148.419 115.901 607.718 
..\OpenARK_test\CVAR\P1\000084_depth.png 221.487 104.358 524.383 187.5 83.9272 589.688 168.944 87.7249 605.587 157.332 97.7261 611.96 146.663 115.666 599.435 
..\OpenARK_test\CVAR\P1\000085_depth.png 221.357 103.729 520.779 186.408 82.7763 587.651 167.438 86.5354 601.944 156.186 96.1674 605.856 145.676 114.251 599.012 
..\OpenARK_test\CVAR\P1\000086_depth.png 221.509 102.274 519.298 185.269 81.8361 585.928 166.586 84.9407 597.013 154.848 95.0245 600.167 144.612 114.682 592.581 
..\OpenARK_test\CVAR\P1\000087_depth.png 220.526 100.267 513.792 182.904 79.0495 575.687 164.171 82.9382 589.137 152.154 94.1251 593.113 142.464 113.877 586.352 
..\OpenARK_test\CVAR\P1\000088_depth.png 219.763 97.5999 510.108 181.737 76.8017 568.548 162.802 81.0709 585.675 151.135 92.4899 588.484 141.462 112.857 581.198 
..\OpenARK_test\CVAR\P1\000089_depth.png 218.315 95.7851 505.236 180.3 74.9582 564.435 161.362 80.2173 580.686 140.641 112.451 580.473 
..\OpenARK_test\CVAR\P1\000090_depth.png 217.368 94.1165 500.866 179.342 73.7312 561.214 160.825 79.0039 575.609 149.409 91.5134 583.381 140.467 111.869 580.637 
..\OpenARK_test\CVAR\P1\000091_depth.png 216.283 92.8708 500.826 178.922 72.9102 557.714 159.902 79.3954 576.898 149.26 90.9726 582.475 140.379 111.209 580.989 
..\OpenARK_test\CVAR\P1\000092_depth.png 214.053 91.6212 494.305 177.655 71.9836 555.963 158.685 79.8608 574.684 149.371 90.6987 582.169 140.545 111.773 579.45 
..\OpenARK_test\CVAR\P1\000093_depth.png 211.376 90.0243 490.153 175.611 71.7358 554.77 158.295 79.0433 575.367 140.787 113.319 581.428 
..\OpenARK_test\CVAR\P1\000094_depth.png 209.15 88.9931 488.745 174.399 71.121 553.321 158.655 78.8248 573.177 141.59 113.777 587.239 
..\OpenARK_test\CVAR\P1\000095_depth.png 207.187 88.6635 487 172.937 71.8437 551.553 157.76 79.5905 572.337 141.757 115.505 585.045 
..\OpenARK_test\CVAR\P1\000096_depth.png 204.491 88.1188 486.923 172.044 71.8686 552.552 158.008 79.9845 574 143.347 116.026 589.209 
..\OpenARK_test\CVAR\P1\000097_depth.png 202.606 87.9716 485.427 170.8 72.1684 553.286 156.973 80.6898 574.334 143.56 116.862 590.955 
..\OpenARK_test\CVAR\P1\000098_depth.png 201.149 89.0454 484.189 170.658 73.8279 551.024 157.571 81.7974 576.878 145.284 118.168 595.45 
..\OpenARK_test\CVAR\P1\000099_depth.png 198.744 89.878 484.43 170.415 74.9838 556.3 154.016 96.3138 596.44 147.57 119.559 600.648 
..\OpenARK_test\CVAR\P1\000100_depth.png 196.848 90.1125 483.011 169.71 75.2102 559.5 155.002 96.9238 596.949 149.414 120.641 601.389 
..\OpenARK_test\CVAR\P1\000101_depth.png 194.761 91.4777 483.177 169.266 76.8407 554.482 155.899 96.8489 598.727 
..\OpenARK_test\CVAR\P1\000102_depth.png 193.075 92.7441 482.283 168.682 77.998 557.376 
..\OpenARK_test\CVAR\P1\000103_depth.png 189.79 93.2195 487.733 167.481 79.0973 559.692 
..\OpenARK_test\CVAR\P1\000104_depth.png 183.627 93.7649 485.843 165.884 79.0945 555.781 
..\OpenARK_test\CVAR\P1\000105_depth.png 165.122 78.9958 555.75 
..\OpenARK_test\CVAR\P1\000106_depth.png 164.983 79.3057 555.956 
..\OpenARK_test\CVAR\P1\000107_depth.png 164.242 79.9957 551.608 
..\OpenARK_test\CVAR\P1\000108_depth.png 163.942 80.0803 556.314 
..\OpenARK_test\CVAR\P1\000109_depth.png 163.39 80.1433 552.149 
..\OpenARK_test\CVAR\P1\000110_depth.png 163.135 80.9031 552.877 
..\OpenARK_test\CVAR\P1\000111_depth.png 161.667 80.2762 551.543 
..\OpenARK_test\CVAR\P1\000112_depth.png 160.683 80.133 551.372 
..\OpenARK_test\CVAR\P1\000113_depth.png 160.418 80.0574 552.052 
..\OpenARK_test\CVAR\P1\000114_depth.png 159.883 80.3789 553.342 
..\OpenARK_test\CVAR\P1\000115_depth.png 159.675 80.2377 551.905 
..\OpenARK_test\CVAR\P1\000116_depth.png 159.311 80.34 554.744 
..\OpenARK_test\CVAR\P1\000117_depth.png 158.218 81.4092 553.9 
..\OpenARK_test\CVAR\P1\000118_depth.png 157.863 81.4385 555.203 
..\OpenARK_test\CVAR\P1\000119_depth.png 156.519 81.9942 553.316 
..\OpenARK_test\CVAR\P1\000120_depth.png 155.842 83.6214 551.292 141.03 108.837 479.672 
..\OpenARK_test\CVAR\P1\000121_depth.png 175.032 92.7376 591.982 165.759 84.306 577.125 154.997 83.626 552.011 137.277 111.536 484.518 
..\OpenARK_test\CVAR\P1\000122_depth.png 176.818 93.0691 593.977 165.943 83.7298 578.676 153.578 83.1433 556.211 133.079 114.629 487.776 
..\OpenARK_test\CVAR\P1\000123_depth.png 177.181 93.4887 591.99 164.972 82.9266 573.485 151.112 83.8969 548.971 130.956 116.02 487.54 
..\OpenARK_test\CVAR\P1\000124_depth.png 177.37 93.7325 593.43 165.242 82.9815 573.661 151.043 83.8667 552.348 129.339 118.319 488.161 
..\OpenARK_test\CVAR\P1\000125_depth.png 187.737 113.551 606.113 177.173 93.2741 591.557 164.826 82.7757 574.333 150.226 84.1348 551.427 127.389 120.076 492.148 
..\OpenARK_test\CVAR\P1\000126_depth.png 189.279 111.988 601.25 176.845 91.7561 588.75 163.773 82.0198 569.588 148.814 85.017 547.147 125.206 122.384 493.62 
..\OpenARK_test\CVAR\P1\000127_depth.png 190.968 110.009 601.422 176.86 89.3877 586.271 162.75 80.9248 570.236 146.829 84.98 553.316 122.013 125.995 494.944 
..\OpenARK_test\CVAR\P1\000128_depth.png 192.054 108.52 596.51 176.651 89.5192 582.753 162.395 80.8421 565.067 146.022 85.1939 549.416 121.594 126.185 499.408 
..\OpenARK_test\CVAR\P1\000129_depth.png 193.088 107.358 592.584 176.818 87.9277 577.474 162.131 79.8261 561.608 145.538 86.1617 547.011 120.363 127.564 502.107 
..\OpenARK_test\CVAR\P1\000130_depth.png 194.355 106.586 590.202 177.499 88.0371 575.781 162.414 79.7079 564.823 145.54 85.9694 549.312 119.418 128.581 507.317 
..\OpenARK_test\CVAR\P1\000131_depth.png 196.103 105.382 586.495 178.455 85.8299 574.275 162.997 78.9793 562.587 145.69 86.8238 552.448 119.768 128.045 513.862 
..\OpenARK_test\CVAR\P1\000132_depth.png 198.43 103.863 582.198 180.356 83.8293 573.889 164.4 77.7864 560.291 147.6 84.0201 552.253 120.183 128.793 516.44 
..\OpenARK_test\CVAR\P1\000133_depth.png 200.316 101.877 584.074 181.639 82.7038 566.763 165.632 76.8033 556.84 148.201 84.5195 551.462 121.061 128.151 520.326 
..\OpenARK_test\CVAR\P1\000134_depth.png 202.65 100.627 576.177 183.118 81.7083 565.314 166.842 75.7627 553.238 149.283 84.1528 549.626 121.602 128.456 521.484 
..\OpenARK_test\CVAR\P1\000135_depth.png 202.846 99.8938 573.937 183.385 80.9956 561.961 167.107 74.8234 552.707 149.282 83.2124 546.959 121.865 128.636 522.484 
..\OpenARK_test\CVAR\P1\000136_depth.png 203.674 98.7448 575.157 184.156 80.4898 562.182 167.836 74.0689 554.091 149.889 82.5579 547.539 122.748 127.961 525.748 
..\OpenARK_test\CVAR\P1\000137_depth.png 205.992 96.954 567.037 185.88 78.7022 557.1 169.505 71.5033 536.258 152.327 78.8469 542.705 123.287 126.232 527.554 
..\OpenARK_test\CVAR\P1\000138_depth.png 207.993 95.8139 560.529 187.746 76.784 551.022 171.493 69.8673 542.105 153.952 77.9092 533.904 123.945 124.385 528.196 
..\OpenARK_test\CVAR\P1\000139_depth.png 209.355 93.9573 560.405 188.969 74.7156 550.912 172.477 67.8634 537.932 154.65 74.8555 532.677 125.172 122.486 524.468 
..\OpenARK_test\CVAR\P1\000140_depth.png 210.253 92.0507 555.464 189.779 72.635 545.032 173.004 65.6839 532.582 154.881 72.6965 526.961 124.576 120.91 524.4 
..\OpenARK_test\CVAR\P1\000141_depth.png 210.642 91.7884 550.389 190.078 71.7431 542.989 173.26 64.801 532.241 154.944 71.7629 523.495 124.777 120.37 525.555 
..\OpenARK_test\CVAR\P1\000142_depth.png 211.217 91.0698 551.024 190.677 71.6736 543.266 174.042 64.5416 534.27 155.008 71.4998 525.15 125.552 119.716 524.213 
..\OpenARK_test\CVAR\P1\000143_depth.png 211.725 90.8667 547.976 191.167 72.2139 545.357 174.041 64.7566 534.055 156.429 70.0981 525.891 125.803 119.93 526.49 
..\OpenARK_test\CVAR\P1\000144_depth.png 211.167 91.0507 550.954 190.884 71.6717 546.022 173.774 64.0326 532.476 155.749 70.7675 524.27 125.628 118.738 527.896 
..\OpenARK_test\CVAR\P1\000145_depth.png 211.348 90.794 553.011 190.756 71.5044 547.126 174.338 63.8787 533.302 155.818 70.9127 526.828 125.638 119.027 523.73 
..\OpenARK_test\CVAR\P1\000146_depth.png 211.895 91.2911 554.385 191.356 71.9692 546.381 174.865 63.9281 534.732 155.28 73.2993 533.505 125.886 119.316 525.945 
..\OpenARK_test\CVAR\P1\000147_depth.png 212.114 91.7015 551.64 191.948 72.2739 546.17 175.66 64.0731 532.288 154.849 76.5142 538.774 126.632 119.086 523.889 
..\OpenARK_test\CVAR\P1\000148_depth.png 212.682 91.7962 552.899 192.487 72.5164 546.219 175.931 64.6528 533.607 154.836 79.7253 546.888 126.921 119.156 526.326 
..\OpenARK_test\CVAR\P1\000149_depth.png 212.937 92.4567 554.494 192.205 72.7914 548.618 176.011 64.7965 537.373 154.25 84.7011 561.297 127.635 118.741 524.417 
..\OpenARK_test\CVAR\P1\000150_depth.png 211.969 91.694 555.153 191.278 71.7451 544.35 174.488 64.9569 539.096 153.073 89.6788 564.202 127.173 118.324 522.388 
..\OpenARK_test\CVAR\P1\000151_depth.png 211.582 91.7646 553.273 190.414 71.9119 548.894 173.942 65.7098 537.302 126.746 118.541 521.521 
..\OpenARK_test\CVAR\P1\000152_depth.png 210.724 91.5974 555.22 189.35 71.9038 546.449 172.417 65.7254 539.253 172.025 67.1191 540.775 126.008 119.061 522.903 
..\OpenARK_test\CVAR\P1\000153_depth.png 210.385 91.8952 557.702 188.954 72.9157 548.807 171.811 66.786 539.639 125.791 119.412 522.532 
..\OpenARK_test\CVAR\P1\000154_depth.png 209.176 92.0791 556.786 187.351 73.6393 550.953 170.253 67.8133 540.974 125.29 120.066 521.75 
..\OpenARK_test\CVAR\P1\000155_depth.png 209.294 91.9467 557.605 187.206 73.0883 551.65 169.754 68.1352 543.803 125.451 119.896 521.699 
..\OpenARK_test\CVAR\P1\000156_depth.png 209.176 92.4415 556.18 186.906 73.8387 552.329 169.531 69.6586 547 125.475 119.844 522.042 
..\OpenARK_test\CVAR\P1\000157_depth.png 208.756 92.7475 556.337 186.085 74.4834 553.489 168.299 70.9683 551.416 125.29 120.315 520.592 
..\OpenARK_test\CVAR\P1\000158_depth.png 208.08 92.7829 559.667 185.154 74.8984 552.266 167.243 73.0272 556.079 124.836 120.336 523.621 
..\OpenARK_test\CVAR\P1\000159_depth.png 207.476 92.5063 556.567 184.158 74.7575 553.877 166.146 74.798 560.21 124.639 119.169 521.767 
..\OpenARK_test\CVAR\P1\000160_depth.png 207.394 92.5178 556.775 183.583 74.9273 553.722 165.604 75.9615 558.494 124.534 119.906 524.437 
..\OpenARK_test\CVAR\P1\000161_depth.png 207.575 92.6372 557 183.191 75.7066 556.215 164.944 77.8167 561.244 124.647 119.859 522.032 
..\OpenARK_test\CVAR\P1\000162_depth.png 207.692 92.8703 558.061 182.576 77.0133 560.064 164.483 79.7145 564.84 125.272 120.187 521.885 
..\OpenARK_test\CVAR\P1\000163_depth.png 208.324 93.4771 557.716 182.459 77.9651 559.679 165.038 80.9372 566.449 125.717 120.661 521.666 
..\OpenARK_test\CVAR\P1\000164_depth.png 208.277 92.9818 559.432 181.494 78.9076 560.038 164.158 82.2434 562.5 126.794 119.548 522.958 
..\OpenARK_test\CVAR\P1\000165_depth.png 207.77 93.0799 558.803 180.43 79.9584 564.354 163.3 83.8856 567.688 126.883 119.431 523.214 
..\OpenARK_test\CVAR\P1\000166_depth.png 207.474 92.8742 558.851 179.552 80.7205 566.813 163.064 85.114 566.859 126.138 119.269 524.484 
..\OpenARK_test\CVAR\P1\000167_depth.png 206.627 92.9528 561.253 179.14 80.8018 563.938 162.188 85.0129 567.8 125.89 119.416 523.859 
..\OpenARK_test\CVAR\P1\000168_depth.png 206.774 93.8072 558.763 179.536 80.9012 563.377 162.826 85.9277 568.111 125.636 119.799 522.959 
..\OpenARK_test\CVAR\P1\000169_depth.png 206.762 93.8592 561.05 179.851 81.0307 566.192 162.567 87.5897 565.152 125.552 119.906 522.68 
..\OpenARK_test\CVAR\P1\000170_depth.png 207.555 93.7654 557.395 180.286 81.7809 563.691 162.988 90.8572 573.548 126.761 119.482 523.05 
..\OpenARK_test\CVAR\P1\000171_depth.png 207.897 93.1441 555.887 180.327 81.8457 567.612 162.005 95.1544 573.619 126.529 119.875 523.847 
..\OpenARK_test\CVAR\P1\000172_depth.png 207.92 93.0709 558.028 180.046 82.1822 567.097 126.965 119.308 521.683 
..\OpenARK_test\CVAR\P1\000173_depth.png 207.976 93.188 556.943 179.917 82.9346 568.616 127.077 119.275 522.2 
..\OpenARK_test\CVAR\P1\000174_depth.png 208.066 92.9738 556.811 179.93 83.93 568.68 126.518 118.988 521.333 
..\OpenARK_test\CVAR\P1\000175_depth.png 208.174 92.8261 554.39 179.101 85.0599 571.26 126.537 118.857 520.505 
..\OpenARK_test\CVAR\P1\000176_depth.png 208.911 93.8706 561.077 179.599 88.9464 570.408 127.58 119.81 523 
..\OpenARK_test\CVAR\P1\000177_depth.png 208.938 94.0887 558.722 179.105 91.0421 569.988 127.531 119.974 521.588 
..\OpenARK_test\CVAR\P1\000178_depth.png 208.658 94.8418 556.309 177.7 95.1334 570.232 127.639 119.891 521.031 
..\OpenARK_test\CVAR\P1\000179_depth.png 208.155 94.7872 560.25 175.289 97.9136 569.53 128.249 119.604 521.185 
..\OpenARK_test\CVAR\P1\000180_depth.png 207.881 94.9862 559.173 178.008 99.8286 564.307 164.059 104.346 560.888 129.245 118.938 522.459 
..\OpenARK_test\CVAR\P1\000181_depth.png 207.879 94.8323 563.513 176.178 100.637 562.848 163.382 104.295 564.681 127.533 119.385 524.314 
..\OpenARK_test\CVAR\P1\000182_depth.png 207.099 95.7633 563.705 168.44 102.722 562.562 162.756 105.124 566.525 128.14 119.653 523.106 
..\OpenARK_test\CVAR\P1\000183_depth.png 207.119 96.0762 562.814 163.219 105.294 563.874 127.89 119.548 522.852 
..\OpenARK_test\CVAR\P1\000184_depth.png 206.774 96.827 565.333 169.001 103.714 560.284 127.737 120.228 521.152 
..\OpenARK_test\CVAR\P1\000185_depth.png 206.45 97.8743 568.608 170.811 103.878 562.946 128.318 120.36 522.305 
..\OpenARK_test\CVAR\P1\000186_depth.png 206.07 98.7629 567.392 168.18 104.781 561.655 128.021 120.492 523.165 
..\OpenARK_test\CVAR\P1\000187_depth.png 205.894 98.9591 571.892 169.527 104.992 559.525 128.27 120.488 522.762 
..\OpenARK_test\CVAR\P1\000188_depth.png 206.398 99.894 573.015 167.172 106.444 558.263 128.305 120.322 522.618 
..\OpenARK_test\CVAR\P1\000189_depth.png 206.272 100.821 571.616 169.398 105.977 557.686 128.121 119.569 523.076 
..\OpenARK_test\CVAR\P1\000190_depth.png 206.38 101.047 573.062 169.533 106.13 557.031 128.564 118.778 519.832 
..\OpenARK_test\CVAR\P1\000191_depth.png 206.489 101.957 575.161 169.63 106.053 556.649 128.742 117.827 521.428 
..\OpenARK_test\CVAR\P1\000192_depth.png 205.701 103.059 574.085 170.724 106.346 553.669 128.893 117.569 519.732 
..\OpenARK_test\CVAR\P1\000193_depth.png 200.345 107.101 573.875 170.093 107.226 555.767 128.783 117.654 520.027 
..\OpenARK_test\CVAR\P1\000194_depth.png 170.208 107.16 554.178 128.665 117.385 520.721 
..\OpenARK_test\CVAR\P1\000195_depth.png 168.712 107.062 552.466 128.384 117.463 518.346 
..\OpenARK_test\CVAR\P1\000196_depth.png 169.328 107.077 555.178 129.656 117.093 520.911 
..\OpenARK_test\CVAR\P1\000197_depth.png 171.266 106.413 550.967 129.592 116.726 515.712 
..\OpenARK_test\CVAR\P1\000198_depth.png 128.578 117.701 518.905 
..\OpenARK_test\CVAR\P1\000199_depth.png 128.897 117.938 515.453 
..\OpenARK_test\CVAR\P1\000200_depth.png 172.132 106.377 548.941 130.526 116.49 515.828 
..\OpenARK_test\CVAR\P1\000201_depth.png 172.045 107.412 549.322 130.353 116.55 516.106 
..\OpenARK_test\CVAR\P1\000202_depth.png 170.946 108.396 546.169 129.741 116.433 515.337 
..\OpenARK_test\CVAR\P1\000203_depth.png 169.035 111.016 539.373 130.716 114.717 516.491 
..\OpenARK_test\CVAR\P1\000204_depth.png 170.126 113.744 527.38 131.095 113.612 514.428 
..\OpenARK_test\CVAR\P1\000205_depth.png 160.038 114.879 526.717 132.199 112.81 516 
..\OpenARK_test\CVAR\P1\000206_depth.png 181.648 116.793 518.193 132.112 110.08 513.903 
..\OpenARK_test\CVAR\P1\000207_depth.png 181.362 116.857 519.401 132.827 108.987 510.586 
..\OpenARK_test\CVAR\P1\000208_depth.png 182.341 116.822 519.849 134.631 106.915 509.566 
..\OpenARK_test\CVAR\P1\000209_depth.png 185.304 117.446 520.564 139.941 101.769 508.25 
..\OpenARK_test\CVAR\P1\000210_depth.png 144.887 97.2268 507.262 
..\OpenARK_test\CVAR\P1\000211_depth.png 148.785 94.4288 504.971 
..\OpenARK_test\CVAR\P1\000212_depth.png 151.174 92.6623 506.154 
..\OpenARK_test\CVAR\P1\000213_depth.png 154.467 91.1409 504.915 
..\OpenARK_test\CVAR\P1\000214_depth.png 158.743 89.0107 508.126 
..\OpenARK_test\CVAR\P1\000215_depth.png 160.197 88.0441 508.721 
..\OpenARK_test\CVAR\P1\000216_depth.png 162.174 87.0876 507.208 
..\OpenARK_test\CVAR\P1\000217_depth.png 164.272 86.8268 509.981 
..\OpenARK_test\CVAR\P1\000218_depth.png 167.233 85.9541 512.155 
..\OpenARK_test\CVAR\P1\000219_depth.png 169.888 86.0876 518.01 
..\OpenARK_test\CVAR\P1\000220_depth.png 173.386 86.8548 521.273 
..\OpenARK_test\CVAR\P1\000221_depth.png 176.887 86.9059 524.835 
..\OpenARK_test\CVAR\P1\000222_depth.png 179.635 86.2194 527.917 
..\OpenARK_test\CVAR\P1\000223_depth.png 184.435 86.8812 531.096 
..\OpenARK_test\CVAR\P1\000224_depth.png 186.997 86.8765 533.757 
..\OpenARK_test\CVAR\P1\000225_depth.png 186.695 85.1843 534.515 
..\OpenARK_test\CVAR\P1\000226_depth.png 185.026 83.1724 530.096 
..\OpenARK_test\CVAR\P1\000227_depth.png 183.9 81.2234 523.185 
..\OpenARK_test\CVAR\P1\000228_depth.png 183.924 80.8157 522.282 
..\OpenARK_test\CVAR\P1\000229_depth.png 183.024 80.8687 524.97 
..\OpenARK_test\CVAR\P1\000230_depth.png 180.869 80.8892 525.745 
..\OpenARK_test\CVAR\P1\000231_depth.png 176.072 81.8267 524.94 
..\OpenARK_test\CVAR\P1\000232_depth.png 173.29 82.9208 527.34 
..\OpenARK_test\CVAR\P1\000233_depth.png 171.862 83.8741 526.572 
..\OpenARK_test\CVAR\P1\000234_depth.png 168.217 85.0519 526.625 
..\OpenARK_test\CVAR\P1\000235_depth.png 161.012 87.3373 519.961 
..\OpenARK_test\CVAR\P1\000236_depth.png 158.579 90.9742 524.366 161.098 143.727 499.724 
..\OpenARK_test\CVAR\P1\000237_depth.png 154.643 90.5114 522.564 159.168 142.046 498.486 
..\OpenARK_test\CVAR\P1\000238_depth.png 179.748 113.626 537.046 151.383 91.3038 519.893 157.393 142.035 499.043 
..\OpenARK_test\CVAR\P1\000239_depth.png 179.854 113.696 532.565 149.098 91.6578 517.483 157.142 143.656 497.602 
..\OpenARK_test\CVAR\P1\000240_depth.png 178.333 112.986 534.797 146.937 92.8802 519.202 
..\OpenARK_test\CVAR\P1\000241_depth.png 177.416 112.734 531.029 143.024 94.9598 513.963 
..\OpenARK_test\CVAR\P1\000242_depth.png 139.772 95.8623 512.395 
..\OpenARK_test\CVAR\P1\000243_depth.png 174.81 112.736 531.303 137.923 98.2608 512.208 
..\OpenARK_test\CVAR\P1\000244_depth.png 171.185 112.625 531.483 135.96 100.88 514.239 
..\OpenARK_test\CVAR\P1\000245_depth.png 132.62 102.761 515.074 
..\OpenARK_test\CVAR\P1\000246_depth.png 169.175 113.651 531.261 132.78 104.839 513.703 
..\OpenARK_test\CVAR\P1\000247_depth.png 162.729 111.807 541.57 131.382 106.9 518.185 
..\OpenARK_test\CVAR\P1\000248_depth.png 159.549 110.319 547.425 130.995 109.046 517.026 
..\OpenARK_test\CVAR\P1\000249_depth.png 157.533 109.884 553.47 129.702 110.712 520.44 
..\OpenARK_test\CVAR\P1\000250_depth.png 155.672 103.658 564.841 130.149 111.145 520.545 
..\OpenARK_test\CVAR\P1\000251_depth.png 127.805 111.958 524.688 
..\OpenARK_test\CVAR\P1\000252_depth.png 156.537 90.8623 575.377 127.857 111.592 522.03 
..\OpenARK_test\CVAR\P1\000253_depth.png 156.077 84.0369 568.145 125.598 112.039 522.866 
..\OpenARK_test\CVAR\P1\000254_depth.png 156.074 81.3784 555.518 155.927 81.2339 555.305 124.163 114.014 525.913 
..\OpenARK_test\CVAR\P1\000255_depth.png 154.793 76.892 547.535 154.676 77.3652 547.82 123.189 115.779 528.145 
..\OpenARK_test\CVAR\P1\000256_depth.png 152.264 75.8867 540.944 151.851 76.2116 542.082 122.463 117.495 531.99 
..\OpenARK_test\CVAR\P1\000257_depth.png 151.917 75.9102 543.762 151.659 76.302 544.107 122.051 117.147 529.772 
..\OpenARK_test\CVAR\P1\000258_depth.png 150.764 76.693 544.982 150.526 76.559 545.29 121.924 117.842 528.639 
..\OpenARK_test\CVAR\P1\000259_depth.png 150.211 78.1387 543.667 149.89 78 544.652 122.372 117.679 529.445 
..\OpenARK_test\CVAR\P1\000260_depth.png 151.105 77.896 547.767 150.836 78.2109 547.861 122.052 118.685 532.521 
..\OpenARK_test\CVAR\P1\000261_depth.png 151.261 79.243 550.347 150.913 79.0263 550.218 122.368 118.613 532.854 
..\OpenARK_test\CVAR\P1\000262_depth.png 151.239 80.2308 550.708 150.899 79.9849 550.589 122.615 118.709 532.935 
..\OpenARK_test\CVAR\P1\000263_depth.png 149.779 78.8971 554.87 122.716 119.055 531.515 
..\OpenARK_test\CVAR\P1\000264_depth.png 149.048 79.8686 556.987 121.854 119.354 530.9 
..\OpenARK_test\CVAR\P1\000265_depth.png 148.12 80.8563 560.568 121.493 119.082 531.272 
..\OpenARK_test\CVAR\P1\000266_depth.png 145.81 82.8824 560.487 120.911 120.281 529.717 
..\OpenARK_test\CVAR\P1\000267_depth.png 163.524 89.1492 581.141 144.815 85.1689 559.028 120.506 120.048 530.065 
..\OpenARK_test\CVAR\P1\000268_depth.png 164.46 87.7064 585.975 144.938 85.7264 559.51 120.619 120.706 531.833 
..\OpenARK_test\CVAR\P1\000269_depth.png 165.417 83.9526 573.775 145.125 83.9628 563.266 120.395 120.113 529.574 
..\OpenARK_test\CVAR\P1\000270_depth.png 166.008 80.776 573.378 145.756 83.9941 559.772 120.601 119.836 528.882 
..\OpenARK_test\CVAR\P1\000271_depth.png 165.235 79.8666 571.559 145.028 83.8541 562.866 119.807 120.281 530.656 
..\OpenARK_test\CVAR\P1\000272_depth.png 164.462 77.0493 567.365 143.792 82.8732 561.616 119.524 120.026 530.011 
..\OpenARK_test\CVAR\P1\000273_depth.png 164.138 78.423 566.752 164.078 76.8244 567.646 143.557 83.2414 557.022 119.166 119.476 527.054 
..\OpenARK_test\CVAR\P1\000274_depth.png 163.752 77.0023 571.173 143.258 82.9513 561.25 118.573 119.933 527.689 
..\OpenARK_test\CVAR\P1\000275_depth.png 162.786 77.0796 568.589 142.973 82.9803 559.222 118.505 119.843 528.266 
..\OpenARK_test\CVAR\P1\000276_depth.png 161.355 76.0331 568.26 141.924 83.0404 559.79 117.982 119.704 528.761 
..\OpenARK_test\CVAR\P1\000277_depth.png 160.205 76.016 562.705 141.136 83.9043 560.619 116.798 120.544 527.609 
..\OpenARK_test\CVAR\P1\000278_depth.png 158.772 75.7032 558.337 140.592 84.8689 560.569 115.816 121.14 526.904 
..\OpenARK_test\CVAR\P1\000279_depth.png 157.631 76.6972 561.8 139.75 86.6093 562.683 115.964 120.623 527.226 
..\OpenARK_test\CVAR\P1\000280_depth.png 157.739 75.2324 560.58 139.906 86.729 560.585 115.831 119.906 527.633 
..\OpenARK_test\CVAR\P1\000281_depth.png 157.365 73.9329 558.725 140.68 86.0668 561.935 115.551 120.596 528.478 
..\OpenARK_test\CVAR\P1\000282_depth.png 157.894 73.7186 554.232 141.294 87.1364 562.797 116.396 120.507 527.166 
..\OpenARK_test\CVAR\P1\000283_depth.png 157.507 73.4444 558.899 141.27 87.782 563.663 115.848 121.285 524.155 
..\OpenARK_test\CVAR\P1\000284_depth.png 157.081 72.3863 556.67 141.135 87.0458 562.506 116.077 120.255 526.052 
..\OpenARK_test\CVAR\P1\000285_depth.png 157.498 69.8552 553.65 140.815 85.969 562.487 115.49 119.686 531.617 
..\OpenARK_test\CVAR\P1\000286_depth.png 157.067 69.8868 554.512 140.755 85.8262 561.643 115.529 119.876 527.107 
..\OpenARK_test\CVAR\P1\000287_depth.png 169.057 78.0775 564.232 155.536 69.7352 553.621 138.581 87.1914 562.146 115.231 120.135 527.568 
..\OpenARK_test\CVAR\P1\000288_depth.png 169.648 76.705 562.081 153.543 70.079 548.783 137.056 87.5441 562.427 114.516 118.987 542.348 
..\OpenARK_test\CVAR\P1\000289_depth.png 168.406 76.9314 562.163 151.384 71.8155 551.216 136.208 88.3401 562.396 114.392 119.975 530.367 
..\OpenARK_test\CVAR\P1\000290_depth.png 167.34 76.0569 559.987 149.924 73.041 555.137 135.451 89.4881 563.096 113.193 120.895 529.255 
..\OpenARK_test\CVAR\P1\000291_depth.png 166.033 76.7708 558.349 148.31 74.4162 557.191 135.21 89.306 563.469 112.532 119.955 537.817 
..\OpenARK_test\CVAR\P1\000292_depth.png 165.421 75.9426 557.023 148.918 72.8825 556.037 134.936 88.6938 562.196 112.119 120.07 531.52 
..\OpenARK_test\CVAR\P1\000293_depth.png 165.069 75.8317 558.86 147.96 72.8937 553.366 134.721 88.3338 561.067 111.936 119.399 528.656 
..\OpenARK_test\CVAR\P1\000294_depth.png 165.113 74.9586 557.598 148.165 72.0323 555.866 134.364 87.0762 560.268 111.808 118.696 530.771 
..\OpenARK_test\CVAR\P1\000295_depth.png 165.601 73.8967 556.21 148.678 70.9636 554.555 135.17 85.5878 560.076 112.302 117.997 540.9 
..\OpenARK_test\CVAR\P1\000296_depth.png 165.648 73.8102 553.144 148.142 70.8447 552.535 147.371 72.0281 552.93 135.174 85.5011 558.71 112.519 117.723 528.101 
..\OpenARK_test\CVAR\P1\000297_depth.png 166.784 74.8441 558.447 148.651 70.7206 553.54 135.712 84.9958 559.236 112.655 118.358 525.423 
..\OpenARK_test\CVAR\P1\000298_depth.png 183.316 93.8219 559.842 166.547 75.7979 558.315 148.215 70.8718 553.46 135.145 85.5716 558.706 113.096 117.403 529.474 
..\OpenARK_test\CVAR\P1\000299_depth.png 184.378 92.1728 560.349 166.195 74.8693 558.325 147.816 70.8189 552.706 134.837 85.6682 557.643 112.548 117.322 533.959 
..\OpenARK_test\CVAR\P1\000300_depth.png 186.086 90.0576 558.026 166.276 73.9618 559.171 147.757 69.8684 549.823 134.598 84.9619 556.946 111.854 117.596 527.167 
..\OpenARK_test\CVAR\P1\000301_depth.png 187.336 88.0916 551.92 166.523 72.809 558.67 147.913 68.913 551.395 134.642 83.7953 554.49 111.596 117.432 524.414 
..\OpenARK_test\CVAR\P1\000302_depth.png 188.739 87.6933 554.437 166.481 71.8287 552.63 148.261 68.1188 549.512 134.718 83.1069 558.065 110.675 118.09 528.343 
..\OpenARK_test\CVAR\P1\000303_depth.png 190.599 86.9753 554.618 165.893 71.1487 553.959 148.105 67.9154 547.494 147.334 69.5661 548.236 133.547 84.3809 554.821 108.783 119.398 534.604 
..\OpenARK_test\CVAR\P1\000304_depth.png 191.404 86.0625 550.32 165.639 71.4392 553.958 148.043 67.8487 549.22 133.292 83.8344 551.396 106.025 121.883 528.163 
..\OpenARK_test\CVAR\P1\000305_depth.png 192.672 85.0458 548.195 166.099 69.6085 548.956 148.105 66.7328 546.345 132.714 83.2924 554.827 104.706 123.339 521.583 
..\OpenARK_test\CVAR\P1\000306_depth.png 194.264 83.2117 543.922 166.744 66.7292 545.25 148.216 63.8347 541.678 132.286 79.1608 543.727 103.759 124.295 510.228 
..\OpenARK_test\CVAR\P1\000307_depth.png 195.821 82.7968 543.244 168.677 64.7075 538.809 149.424 60.728 533.202 131.916 75.0193 539.586 103.82 123.173 517.413 
..\OpenARK_test\CVAR\P1\000308_depth.png 196.797 82.4544 540.806 169.639 63.7865 535.222 150.388 58.9055 528.198 132.663 73.2404 534.713 104.228 122.487 512.664 
..\OpenARK_test\CVAR\P1\000309_depth.png 198.362 80.9383 539.578 170.244 62.504 529.919 151.274 57.8156 524.784 133.249 71.2252 536.333 
..\OpenARK_test\CVAR\P1\000310_depth.png 198.477 80.7608 536.5 170.873 61.7699 527.988 151.707 57.6888 526.532 134.493 68.5752 532.403 105.244 120.765 527.915 
..\OpenARK_test\CVAR\P1\000311_depth.png 198.209 80.7113 537.578 170.303 61.6454 529.883 151.462 56.9619 526.732 133.288 71.3334 533.204 104.153 120.585 527.159 
..\OpenARK_test\CVAR\P1\000312_depth.png 197.634 79.8516 533.931 169.61 61.5883 529.69 151.158 56.7958 523.489 134.048 68.4062 533.789 
..\OpenARK_test\CVAR\P1\000313_depth.png 196.853 78.7452 535.742 169.046 60.7431 527.539 150.974 56.2181 525.388 133.711 70.3729 532.595 104.147 119.086 523.776 
..\OpenARK_test\CVAR\P1\000314_depth.png 196.401 78.7659 531.535 169.092 61.6187 528.204 150.688 56.1425 526.289 133.868 67.4768 532.662 103.885 119.239 513.753 
..\OpenARK_test\CVAR\P1\000315_depth.png 196.325 78.1076 533.911 168.536 61.89 533.703 151.096 56.7205 527.482 133.872 70.9034 532.366 104.692 118.397 528.396 
..\OpenARK_test\CVAR\P1\000316_depth.png 196.267 78.8049 533.965 168.889 63.3375 531.471 151.399 57.8111 527.739 134.972 69.3092 533.639 105.549 118.738 520.991 
..\OpenARK_test\CVAR\P1\000317_depth.png 196.332 78.7943 536.057 169.59 62.8894 531.922 152.084 57.8464 529.77 135.586 71.462 533.621 106.279 119.013 514.313 
..\OpenARK_test\CVAR\P1\000318_depth.png 197.011 79.4546 534.082 170.046 63.8562 533.494 152.669 58.9396 529.952 136.165 72.8408 536.429 
..\OpenARK_test\CVAR\P1\000319_depth.png 197.458 79.8505 536.072 170.52 64.7855 535.189 153.287 59.9087 533.686 137.481 72.4952 537.319 107.892 120.375 514.05 
..\OpenARK_test\CVAR\P1\000320_depth.png 197.562 80.0393 537.282 170.467 65.7344 538.667 153.448 60.8761 535.678 137.191 73.9986 538.343 
..\OpenARK_test\CVAR\P1\000321_depth.png 197.242 80.5787 535.311 170.466 65.744 539.7 153.348 60.8379 535.092 137.63 73.136 538.567 
..\OpenARK_test\CVAR\P1\000322_depth.png 196.293 79.9841 533.747 169.554 65.2752 537.04 152.744 60.0446 533.699 136.776 73.2728 538.141 
..\OpenARK_test\CVAR\P1\000323_depth.png 196.52 79.9047 539.562 169.535 64.9394 540.619 152.698 60.2066 535.815 136.738 73.3348 540.037 107.485 119.502 530.746 
..\OpenARK_test\CVAR\P1\000324_depth.png 196.219 80.0304 539.925 169.102 66.3802 539.456 152.443 60.9152 536.885 137.097 72.6662 537.965 
..\OpenARK_test\CVAR\P1\000325_depth.png 196.287 80.7918 539.047 169.144 66.625 540.02 152.608 61.0181 534.593 136.724 73.7468 541.103 107.634 120.309 520.318 
..\OpenARK_test\CVAR\P1\000326_depth.png 196.256 79.7168 539.721 169.379 65.0136 542.131 152.344 60.8315 537.191 136.702 73.2562 538.579 
..\OpenARK_test\CVAR\P1\000327_depth.png 196.871 78.0742 537.263 169.517 64.4619 538.368 153.003 58.8513 533.812 136.91 71.6793 536.02 
..\OpenARK_test\CVAR\P1\000328_depth.png 196.512 77.4729 533.292 169.593 62.8624 537.389 152.318 57.8411 529.518 136.753 69.0437 536.177 
..\OpenARK_test\CVAR\P3\000000_depth.png 233.889 117.168 638.383 210.145 105.17 640.094 198.525 101.185 640.853 185.788 110.269 632.787 167.496 151.756 600.724 
..\OpenARK_test\CVAR\P3\000001_depth.png 233.889 117.168 638.383 210.145 105.17 640.094 198.525 101.185 640.853 185.788 110.269 632.787 167.496 151.756 600.724 
..\OpenARK_test\CVAR\P3\000002_depth.png 232.197 117.831 642.197 208.15 105.28 637.833 196.544 101.043 640.453 185.005 110.05 632.108 
..\OpenARK_test\CVAR\P3\000003_depth.png 230.461 118.862 643.361 206.429 105.937 643.009 196.538 101.223 640.261 185.193 107.958 629.567 166.637 150.31 596.849 
..\OpenARK_test\CVAR\P3\000004_depth.png 228.589 120.649 647.717 205.789 107.471 645.239 196.355 101.298 640.714 186.268 107.596 630.59 167.484 148.945 590.322 
..\OpenARK_test\CVAR\P3\000005_depth.png 228.09 120.865 647.295 197.38 101.343 641.243 185.881 108.041 625.253 167.417 148.127 590.37 
..\OpenARK_test\CVAR\P3\000006_depth.png 227.601 120.749 646.692 197.03 101.307 638.577 187.375 105.507 630.124 167.664 146.021 590.086 
..\OpenARK_test\CVAR\P3\000007_depth.png 224.96 120.956 645.764 167.447 144.783 588.569 
..\OpenARK_test\CVAR\P3\000008_depth.png 221.306 121.999 644.962 165.504 144.225 587.042 
..\OpenARK_test\CVAR\P3\000009_depth.png 219.328 121.919 644.091 163.696 144.989 585.667 
..\OpenARK_test\CVAR\P3\000010_depth.png 217.886 121.93 648.133 163.386 144.115 584.032 
..\OpenARK_test\CVAR\P3\000011_depth.png 180.781 105.573 633.959 
..\OpenARK_test\CVAR\P3\000012_depth.png 179.754 104.502 636.564 
..\OpenARK_test\CVAR\P3\000013_depth.png 177.265 104.45 632.933 
..\OpenARK_test\CVAR\P3\000014_depth.png 175.959 104.184 629.533 
..\OpenARK_test\CVAR\P3\000015_depth.png 175.847 104.053 631.762 
..\OpenARK_test\CVAR\P3\000016_depth.png 175.004 105.1 632.98 
..\OpenARK_test\CVAR\P3\000017_depth.png 174.426 106.073 632.634 
..\OpenARK_test\CVAR\P3\000018_depth.png 176.318 106.409 627.139 
..\OpenARK_test\CVAR\P3\000019_depth.png 173.535 107.867 629.868 
..\OpenARK_test\CVAR\P3\000020_depth.png 182.128 101.205 641.943 170.653 111.152 626.278 160.908 130.478 562.383 
..\OpenARK_test\CVAR\P3\000021_depth.png 181.82 100.081 639.893 160.859 129.905 562.38 
..\OpenARK_test\CVAR\P3\000022_depth.png 181.102 100.26 639.737 160.902 129.704 561.357 
..\OpenARK_test\CVAR\P3\000023_depth.png 180.44 99.6321 634.792 160.023 129.666 564.268 
..\OpenARK_test\CVAR\P3\000024_depth.png 179.123 99.1103 637.805 158.871 130.049 565.408 
..\OpenARK_test\CVAR\P3\000025_depth.png 207.21 113.264 630.312 178.126 98.0417 636.667 156.76 132.973 573.711 
..\OpenARK_test\CVAR\P3\000026_depth.png 177.581 96.7617 632.16 
..\OpenARK_test\CVAR\P3\000027_depth.png 176.32 95.8383 636.88 
..\OpenARK_test\CVAR\P3\000028_depth.png 176.448 94.8046 629.909 
..\OpenARK_test\CVAR\P3\000029_depth.png 176.367 94.8573 628.855 
..\OpenARK_test\CVAR\P3\000030_depth.png 176.116 94.0099 633.292 
..\OpenARK_test\CVAR\P3\000031_depth.png 175.12 93.9243 630.645 
..\OpenARK_test\CVAR\P3\000032_depth.png 173.042 94.2109 629.241 154.046 128.073 587.916 
..\OpenARK_test\CVAR\P3\000033_depth.png 172.148 93.9017 628.48 
..\OpenARK_test\CVAR\P3\000034_depth.png 170.042 94.0242 630.026 
..\OpenARK_test\CVAR\P3\000035_depth.png 168.473 93.8215 625.364 
..\OpenARK_test\CVAR\P3\000036_depth.png 167.388 93.9076 627.377 
..\OpenARK_test\CVAR\P3\000037_depth.png 166.326 93.9566 622.29 
..\OpenARK_test\CVAR\P3\000038_depth.png 165.485 94.7087 626.38 
..\OpenARK_test\CVAR\P3\000039_depth.png 165.534 95.6116 626.366 
..\OpenARK_test\CVAR\P3\000040_depth.png 165.135 94.8407 618.165 
..\OpenARK_test\CVAR\P3\000041_depth.png 164.736 94.2162 625.628 
..\OpenARK_test\CVAR\P3\000042_depth.png 164.445 94.5824 627.435 
..\OpenARK_test\CVAR\P3\000043_depth.png 163.968 95.3638 621.854 
..\OpenARK_test\CVAR\P3\000044_depth.png 163.616 95.7529 623.136 
..\OpenARK_test\CVAR\P3\000045_depth.png 162.802 96.6809 619.938 
..\OpenARK_test\CVAR\P3\000046_depth.png 162.139 97.3005 619.879 
..\OpenARK_test\CVAR\P3\000047_depth.png 161.683 97.5909 623.619 
..\OpenARK_test\CVAR\P3\000048_depth.png 159.44 97.2257 616.716 
..\OpenARK_test\CVAR\P3\000049_depth.png 159.905 97.5666 619.675 
..\OpenARK_test\CVAR\P3\000050_depth.png 160.895 98.5166 622.954 
..\OpenARK_test\CVAR\P3\000051_depth.png 162.241 99.2574 620.647 
..\OpenARK_test\CVAR\P3\000052_depth.png 163.775 100.538 625.701 
..\OpenARK_test\CVAR\P3\000053_depth.png 164.888 101.435 627.798 
..\OpenARK_test\CVAR\P3\000054_depth.png 166.041 102.179 624.138 
..\OpenARK_test\CVAR\P3\000055_depth.png 166.089 102.248 632.071 
..\OpenARK_test\CVAR\P3\000056_depth.png 165.996 103.198 630.977 
..\OpenARK_test\CVAR\P3\000057_depth.png 151.176 118.502 570.229 
..\OpenARK_test\CVAR\P3\000058_depth.png 151.879 115.919 564.308 
..\OpenARK_test\CVAR\P3\000059_depth.png 152.349 114.092 563.069 
..\OpenARK_test\CVAR\P3\000060_depth.png 153.974 112.413 563.59 
..\OpenARK_test\CVAR\P3\000061_depth.png 154.199 112.363 563.402 
..\OpenARK_test\CVAR\P3\000062_depth.png 155.019 111.491 563.028 
..\OpenARK_test\CVAR\P3\000063_depth.png 157.275 108.616 562.37 
..\OpenARK_test\CVAR\P3\000064_depth.png 158.354 106.736 578.907 
..\OpenARK_test\CVAR\P3\000065_depth.png 162.837 101.352 561.851 
..\OpenARK_test\CVAR\P3\000066_depth.png 165.109 98.9072 565.864 
..\OpenARK_test\CVAR\P3\000067_depth.png 167.421 98.0274 577.047 
..\OpenARK_test\CVAR\P3\000068_depth.png 168.607 98.1843 584.365 
..\OpenARK_test\CVAR\P3\000069_depth.png 169.96 97.298 588.646 
..\OpenARK_test\CVAR\P3\000070_depth.png 168.99 97.3064 578.608 
..\OpenARK_test\CVAR\P3\000071_depth.png 168.191 98.1071 573.195 
..\OpenARK_test\CVAR\P3\000072_depth.png 168.227 99.2256 581.115 
..\OpenARK_test\CVAR\P3\000073_depth.png 167.872 99.3839 586.957 
..\OpenARK_test\CVAR\P3\000074_depth.png 167.221 101.236 591.038 
..\OpenARK_test\CVAR\P3\000075_depth.png 166.756 102.181 605.937 
..\OpenARK_test\CVAR\P3\000076_depth.png 166.56 101.919 619.53 
..\OpenARK_test\CVAR\P3\000077_depth.png 165.966 102.475 614.935 
..\OpenARK_test\CVAR\P3\000078_depth.png 163.346 103.426 608.972 
..\OpenARK_test\CVAR\P3\000079_depth.png 173.703 96.1986 627.433 161.355 105.417 607.362 149.536 131.635 568.695 
..\OpenARK_test\CVAR\P3\000080_depth.png 204.494 117.41 629.805 184.516 100.217 626.989 173.432 95.9574 623.691 160.357 107.9 617 148.342 137.896 578.033 
..\OpenARK_test\CVAR\P3\000081_depth.png 206.66 114.133 624.618 184.805 98.3169 623.548 172.107 95.0712 619.71 159.467 108.169 608.389 147.508 143.511 581.141 
..\OpenARK_test\CVAR\P3\000082_depth.png 207.204 111.296 623.786 183.788 98.2494 618.839 170.504 95.0563 617.881 158.018 109.692 614.6 
..\OpenARK_test\CVAR\P3\000083_depth.png 206.182 106.923 619.537 181.127 96.1674 610.827 166.786 96.1232 614.906 155.314 112.068 617.604 
..\OpenARK_test\CVAR\P3\000084_depth.png 204.39 104.835 611.937 177.344 96.1879 607.605 163.357 96.7544 610.4 152.967 114.59 614.281 
..\OpenARK_test\CVAR\P3\000085_depth.png 203.173 103.796 606.206 175.639 96.2724 609.045 161.685 97.7856 608.543 151.782 117.35 617.334 
..\OpenARK_test\CVAR\P3\000086_depth.png 203.151 103.891 603.456 176.761 96.7977 606.476 161.22 97.9791 609.218 152.559 120.01 619.4 
..\OpenARK_test\CVAR\P3\000087_depth.png 203.94 103.984 607.044 177.103 97.2116 605.487 161.751 99.0154 607.282 153.664 122.415 620.628 
..\OpenARK_test\CVAR\P3\000088_depth.png 204.385 104.803 604.714 177.422 98.8945 608.153 162.407 100.995 607.582 154.567 123.472 619.224 
..\OpenARK_test\CVAR\P3\000089_depth.png 204.744 105.901 604.174 176.932 100.395 611.125 162.51 103.025 614.143 155.473 124.797 618.929 
..\OpenARK_test\CVAR\P3\000090_depth.png 204.238 106.691 603.349 176.306 102.264 614.276 162.225 105.848 615.038 155.011 125.342 615.651 
..\OpenARK_test\CVAR\P3\000091_depth.png 203.702 106.134 608.281 176.245 103.044 615.383 161.837 105.933 612.304 154.653 124.568 610.866 
..\OpenARK_test\CVAR\P3\000092_depth.png 203.595 105.867 606.29 175.902 101.847 610.915 161.579 105.002 612.696 154.487 123.784 612.525 
..\OpenARK_test\CVAR\P3\000093_depth.png 203.083 105.164 607.178 175.505 102.01 614.506 161.45 105.082 611.859 154.021 124.265 611.023 
..\OpenARK_test\CVAR\P3\000094_depth.png 202.644 105.953 606.985 174.961 102.89 615.5 161.051 105.897 612.861 153.768 124.191 610.655 
..\OpenARK_test\CVAR\P3\000095_depth.png 201.875 106.893 608.058 172.846 103.317 615.226 160.143 105.83 616.366 153.331 123.932 608.941 
..\OpenARK_test\CVAR\P3\000096_depth.png 201.434 106.933 612.029 173.116 102.36 613.43 159.22 106.253 612.708 152.521 124.523 609.345 
..\OpenARK_test\CVAR\P3\000097_depth.png 200.783 106.141 607.281 173.172 102.081 611.256 159.21 105.199 613.675 151.436 123.88 608.774 
..\OpenARK_test\CVAR\P3\000098_depth.png 200.826 106.774 604.472 172.347 102.402 613.205 159.517 105.078 612.423 151.385 122.949 609.5 
..\OpenARK_test\CVAR\P3\000099_depth.png 201.861 107.167 609.355 174.226 103.06 614.744 160.357 105.258 614.562 152.352 122.115 610.024 
..\OpenARK_test\CVAR\P3\000100_depth.png 202.71 107.983 612.716 175.495 103.22 613.818 161.326 105.156 614.411 153.355 122.05 610.953 
..\OpenARK_test\CVAR\P3\000101_depth.png 203.37 107.87 610.185 176.135 103.046 613.494 162.126 105.156 617.5 153.901 122.151 609.855 
..\OpenARK_test\CVAR\P3\000102_depth.png 203.17 107.985 612.508 174.924 103.43 615.295 161.922 105.508 612.977 153.957 121.604 612.292 
..\OpenARK_test\CVAR\P3\000103_depth.png 203.471 109.133 612.923 174.669 103.479 615.762 162.585 104.122 613.56 154.616 120.774 611.298 
..\OpenARK_test\CVAR\P3\000104_depth.png 203.706 110.175 615.238 176.618 104.186 613.798 162.984 105.05 613.077 154.772 120.412 608.819 
..\OpenARK_test\CVAR\P3\000105_depth.png 203.206 110.065 613.4 175.148 104.511 615.116 162.642 104.606 612.216 154.492 119.078 608.732 
..\OpenARK_test\CVAR\P3\000106_depth.png 202.722 110.943 615.686 174.495 105.435 614.531 162.327 105.71 612.069 154.067 119.671 605.639 
..\OpenARK_test\CVAR\P3\000107_depth.png 202.094 110.687 617.281 172.954 105.592 614.796 161.438 105.683 615.605 152.638 119.759 602.639 
..\OpenARK_test\CVAR\P3\000108_depth.png 201.419 110.936 609.348 172.742 106.401 614.896 161.232 106.251 608.274 152.545 119.603 601.964 
..\OpenARK_test\CVAR\P3\000109_depth.png 201.124 110.986 610.117 172.082 106.532 612.589 160.653 106.632 610.687 152.049 119.911 603.074 
..\OpenARK_test\CVAR\P3\000110_depth.png 200.366 110.926 611.662 170.914 106.409 609.261 160.238 106.252 607.69 151.591 119.977 596.456 
..\OpenARK_test\CVAR\P3\000111_depth.png 199.384 110.114 605.311 169.587 104.439 606.134 158.661 104.576 606.171 
..\OpenARK_test\CVAR\P3\000112_depth.png 197.895 109.075 604.242 167.973 103.485 603.826 157.574 103.724 602.833 
..\OpenARK_test\CVAR\P3\000113_depth.png 196.552 109.005 605.25 166.34 103.355 598.554 155.783 103.182 601.757 
..\OpenARK_test\CVAR\P3\000114_depth.png 194.329 108.133 606.758 163.84 102.522 598.698 153.441 102.562 598.861 
..\OpenARK_test\CVAR\P3\000115_depth.png 192.294 107.09 603.5 161.805 101.577 595.409 151.317 101.873 590.408 
..\OpenARK_test\CVAR\P3\000116_depth.png 190.42 106.906 601.569 160.547 101.345 597.225 149.541 101.484 593.747 
..\OpenARK_test\CVAR\P3\000117_depth.png 187.656 106.863 600.485 157.829 101.411 594.529 146.665 101.601 588.167 
..\OpenARK_test\CVAR\P3\000118_depth.png 185.247 106.275 604.119 156.186 101.372 595.552 144.465 101.195 591.687 
..\OpenARK_test\CVAR\P3\000119_depth.png 183.092 106.079 603.2 153.497 100.61 593.131 141.85 101.346 589.781 
..\OpenARK_test\CVAR\P3\000120_depth.png 180.04 106.039 606.688 149.965 100.553 592.957 138.679 100.534 589.525 
..\OpenARK_test\CVAR\P3\000121_depth.png 177.822 105.769 601.275 148.457 99.5508 592.755 136.68 99.8776 585.537 
..\OpenARK_test\CVAR\P3\000122_depth.png 175.567 104.247 601.433 146.529 99.4282 585.974 134.226 99.2851 581.882 
..\OpenARK_test\CVAR\P3\000123_depth.png 174.111 103.761 596.864 144.832 98.3324 585.229 132.35 98.22 582.519 121.111 121.984 576.543 
..\OpenARK_test\CVAR\P3\000124_depth.png 172.52 102.899 593.985 143.015 97.4785 582.217 131.177 96.9604 580.351 
..\OpenARK_test\CVAR\P3\000125_depth.png 171.828 102.9 594.328 143.192 97.3074 581.474 130.184 97.3739 579.861 
..\OpenARK_test\CVAR\P3\000126_depth.png 169.864 102.079 589.274 140.743 96.6587 576.477 128.71 97.0241 579.488 
..\OpenARK_test\CVAR\P3\000127_depth.png 169.415 102.988 588.515 140.057 96.3167 577.315 128.602 96.3426 575.216 
..\OpenARK_test\CVAR\P3\000128_depth.png 170.21 106.597 597.427 143.182 96.0735 577.568 131.928 94.2317 576.247 
..\OpenARK_test\CVAR\P3\000129_depth.png 134.075 93.5301 574.259 
..\OpenARK_test\CVAR\P3\000130_depth.png 170.137 111.192 590.882 135.392 94.2804 582.842 
..\OpenARK_test\CVAR\P3\000131_depth.png 138.728 94.9327 583.075 
..\OpenARK_test\CVAR\P3\000132_depth.png 139.828 95.84 581.58 
..\OpenARK_test\CVAR\P3\000133_depth.png 142.651 95.7457 585.417 
..\OpenARK_test\CVAR\P3\000134_depth.png 154.527 98.5302 587.205 145.357 95.3356 588.714 
..\OpenARK_test\CVAR\P3\000135_depth.png 149.157 95.0339 590 
..\OpenARK_test\CVAR\P3\000136_depth.png 150.829 94.7184 592.988 
..\OpenARK_test\CVAR\P3\000137_depth.png 152.333 94.8175 588.953 
..\OpenARK_test\CVAR\P3\000138_depth.png 153.537 94.8676 592.353 
..\OpenARK_test\CVAR\P3\000139_depth.png 154.557 95.2925 595.756 
..\OpenARK_test\CVAR\P3\000140_depth.png 156.202 95.9749 588.678 
..\OpenARK_test\CVAR\P3\000141_depth.png 157.361 95.9157 589.235 
..\OpenARK_test\CVAR\P3\000142_depth.png 158.533 95.8645 590.175 
..\OpenARK_test\CVAR\P3\000143_depth.png 160.097 96.0049 586.626 
..\OpenARK_test\CVAR\P3\000144_depth.png 160.778 96.6123 590.482 
..\OpenARK_test\CVAR\P3\000145_depth.png 162.605 97.7333 591.741 
..\OpenARK_test\CVAR\P3\000146_depth.png 163.651 98.6013 587.167 
..\OpenARK_test\CVAR\P3\000147_depth.png 164.818 98.9551 593.776 
..\OpenARK_test\CVAR\P3\000148_depth.png 166.4 99.7327 593.059 
..\OpenARK_test\CVAR\P3\000149_depth.png 167.279 99.9632 591.138 
..\OpenARK_test\CVAR\P3\000150_depth.png 168.491 100.694 594.366 
..\OpenARK_test\CVAR\P3\000151_depth.png 179.095 104.534 591.129 170.087 101.926 594.279 
..\OpenARK_test\CVAR\P3\000152_depth.png 172.275 101.647 595.705 
..\OpenARK_test\CVAR\P3\000153_depth.png 173.828 101.306 595.349 
..\OpenARK_test\CVAR\P3\000154_depth.png 176.222 101.84 598.244 
..\OpenARK_test\CVAR\P3\000155_depth.png 177.963 102.075 597 
..\OpenARK_test\CVAR\P3\000156_depth.png 179.717 102.555 596.174 
..\OpenARK_test\CVAR\P3\000157_depth.png 180.657 102.669 596.179 
..\OpenARK_test\CVAR\P3\000158_depth.png 182.004 103.043 594.883 
..\OpenARK_test\CVAR\P3\000159_depth.png 186.505 99.1729 595.247 
..\OpenARK_test\CVAR\P3\000160_depth.png 204.642 94.1518 585.753 189.119 94.0696 586.093 
..\OpenARK_test\CVAR\P3\000161_depth.png 224.517 114.339 591.621 206.177 94.1011 585.603 190.262 93.9112 585.07 
..\OpenARK_test\CVAR\P3\000162_depth.png 225.904 113.595 588.41 207.088 93.8486 584.229 191.081 93.9524 581.548 
..\OpenARK_test\CVAR\P3\000163_depth.png 273.964 128.939 132.824 
..\OpenARK_test\CVAR\P3\000164_depth.png 232.837 109.056 584.469 210.674 90.681 577.125 193.789 92.4249 581.011 
..\OpenARK_test\CVAR\P3\000165_depth.png 236.55 106.985 576.323 212.608 89.0815 571.789 195.789 92.2948 577.022 
..\OpenARK_test\CVAR\P3\000166_depth.png 238.142 105.89 576.947 213.689 88.0238 571.559 196.576 90.9641 577.173 
..\OpenARK_test\CVAR\P3\000167_depth.png 239.448 103.912 571.418 213.662 87.9151 572.493 196.593 91.0211 578.831 
..\OpenARK_test\CVAR\P3\000168_depth.png 239.345 102.827 565.648 212.219 87.9039 567.227 195.123 92.3315 578.679 
..\OpenARK_test\CVAR\P3\000169_depth.png 238.483 102.017 563 208.991 92.3994 569.419 192.868 98.044 578.013 
..\OpenARK_test\CVAR\P3\000170_depth.png 237.458 101.175 564.014 209.726 97.6206 554.304 
..\OpenARK_test\CVAR\P3\000171_depth.png 199.754 101.157 564.307 
..\OpenARK_test\CVAR\P3\000173_depth.png 205.457 98.0119 547.447 
..\OpenARK_test\CVAR\P3\000174_depth.png 208.118 96.158 542.649 
..\OpenARK_test\CVAR\P3\000176_depth.png 201.181 101.138 536.091 
..\OpenARK_test\CVAR\P3\000178_depth.png 190.717 97.7255 551 189.023 124.072 552.652 
..\OpenARK_test\CVAR\P3\000179_depth.png 191.696 92.3984 548.576 
..\OpenARK_test\CVAR\P3\000180_depth.png 191.356 91.8581 550.771 
..\OpenARK_test\CVAR\P3\000181_depth.png 191.168 91.943 550.274 
..\OpenARK_test\CVAR\P3\000182_depth.png 191.251 91.9991 551.441 
..\OpenARK_test\CVAR\P3\000183_depth.png 191.492 91.7299 552.109 
..\OpenARK_test\CVAR\P3\000184_depth.png 191.06 91.1525 551 
..\OpenARK_test\CVAR\P3\000185_depth.png 190.59 89.9555 551 
..\OpenARK_test\CVAR\P3\000186_depth.png 191.081 88.87 555.133 
..\OpenARK_test\CVAR\P3\000187_depth.png 189.758 88.9004 557.833 
..\OpenARK_test\CVAR\P3\000188_depth.png 188.124 89.1352 557.781 
..\OpenARK_test\CVAR\P3\000189_depth.png 186.339 90.0229 560.486 
..\OpenARK_test\CVAR\P3\000190_depth.png 185.68 90.9782 568.712 
..\OpenARK_test\CVAR\P3\000191_depth.png 188.204 93.5207 572.963 
..\OpenARK_test\CVAR\P3\000192_depth.png 190.145 95.9238 585.029 
..\OpenARK_test\CVAR\P3\000193_depth.png 189.644 98.991 589.555 
..\OpenARK_test\CVAR\P3\000194_depth.png 187.185 103.712 599.533 
..\OpenARK_test\CVAR\P3\000195_depth.png 186.263 105.148 602.092 
..\OpenARK_test\CVAR\P3\000196_depth.png 185.414 107.025 600.569 
..\OpenARK_test\CVAR\P3\000197_depth.png 183.609 107.067 601.397 
..\OpenARK_test\CVAR\P3\000198_depth.png 179.521 105.981 600.863 
..\OpenARK_test\CVAR\P3\000199_depth.png 176.175 105.211 599.32 
..\OpenARK_test\CVAR\P3\000200_depth.png 173.95 105.12 591.676 
..\OpenARK_test\CVAR\P3\000201_depth.png 173.392 104.006 589.63 
..\OpenARK_test\CVAR\P3\000202_depth.png 172.761 102.498 586.21 
..\OpenARK_test\CVAR\P3\000203_depth.png 171.087 98.927 574.834 
..\OpenARK_test\CVAR\P3\000204_depth.png 167.337 95.8336 559.854 
..\OpenARK_test\CVAR\P3\000205_depth.png 166.144 92.0083 544.451 
..\OpenARK_test\CVAR\P3\000206_depth.png 166.039 89.7436 539.747 
..\OpenARK_test\CVAR\P3\000207_depth.png 167.358 88.7574 538.584 
..\OpenARK_test\CVAR\P3\000208_depth.png 168.754 86.853 537.859 
..\OpenARK_test\CVAR\P3\000209_depth.png 170.231 83.9827 533.699 
..\OpenARK_test\CVAR\P3\000210_depth.png 262.098 128.189 106.52 
..\OpenARK_test\CVAR\P3\000211_depth.png 270.396 127.157 108.938 
..\OpenARK_test\CVAR\P3\000212_depth.png 175.925 77.6771 523.663 
..\OpenARK_test\CVAR\P3\000213_depth.png 177.052 76.0546 524.939 
..\OpenARK_test\CVAR\P3\000214_depth.png 179.258 74.8967 526.289 
..\OpenARK_test\CVAR\P3\000215_depth.png 179.409 73.8937 529.695 
..\OpenARK_test\CVAR\P3\000216_depth.png 178.957 73.0572 532.444 
..\OpenARK_test\CVAR\P3\000217_depth.png 177.412 72.9819 536.244 
..\OpenARK_test\CVAR\P3\000218_depth.png 176.257 73.8637 538.222 
..\OpenARK_test\CVAR\P3\000219_depth.png 176.557 75.1064 538.925 
..\OpenARK_test\CVAR\P3\000220_depth.png 178.218 75.8893 540 
..\OpenARK_test\CVAR\P3\000221_depth.png 177.871 75.8651 542.494 
..\OpenARK_test\CVAR\P3\000222_depth.png 177.465 75.9291 541.262 
..\OpenARK_test\CVAR\P3\000223_depth.png 176.155 76.8243 544.035 
..\OpenARK_test\CVAR\P3\000224_depth.png 173.969 78.8674 545.605 
..\OpenARK_test\CVAR\P3\000225_depth.png 173.164 79.8129 547.416 
..\OpenARK_test\CVAR\P3\000226_depth.png 172.528 79.8571 549.861 
..\OpenARK_test\CVAR\P3\000227_depth.png 172.002 79.8307 550.845 
..\OpenARK_test\CVAR\P3\000228_depth.png 170.652 79.8835 553.894 
..\OpenARK_test\CVAR\P3\000229_depth.png 168.563 80.2075 555.573 
..\OpenARK_test\CVAR\P3\000230_depth.png 167.288 81.5398 558.64 
..\OpenARK_test\CVAR\P3\000231_depth.png 167.161 81.0606 565.299 
..\OpenARK_test\CVAR\P3\000232_depth.png 166.535 81.6913 568.241 
..\OpenARK_test\CVAR\P3\000233_depth.png 166.703 81.9038 571.961 
..\OpenARK_test\CVAR\P3\000234_depth.png 167.218 81.9838 574.54 
..\OpenARK_test\CVAR\P3\000235_depth.png 169.107 82.9092 577.58 
..\OpenARK_test\CVAR\P3\000236_depth.png 170.187 82.9792 577.805 
..\OpenARK_test\CVAR\P3\000237_depth.png 169.363 83.8587 582.595 
..\OpenARK_test\CVAR\P3\000238_depth.png 169.663 84.6286 583.185 
..\OpenARK_test\CVAR\P3\000239_depth.png 169.59 84.0864 585.817 
..\OpenARK_test\CVAR\P3\000240_depth.png 169.091 83.9384 584.389 
..\OpenARK_test\CVAR\P3\000241_depth.png 169.173 84.8359 587.651 
..\OpenARK_test\CVAR\P3\000242_depth.png 169.034 84.9541 589.756 
..\OpenARK_test\CVAR\P3\000243_depth.png 168.406 84.7876 592.19 
..\OpenARK_test\CVAR\P3\000244_depth.png 168.218 83.8738 592.779 
..\OpenARK_test\CVAR\P3\000245_depth.png 167.283 83.7953 591.111 
..\OpenARK_test\CVAR\P3\000246_depth.png 166.779 82.8962 589.338 
..\OpenARK_test\CVAR\P3\000247_depth.png 167.134 82.9641 589.649 
..\OpenARK_test\CVAR\P3\000248_depth.png 165.753 83.9319 592.833 
..\OpenARK_test\CVAR\P3\000249_depth.png 164.5 85.7751 592.065 
..\OpenARK_test\CVAR\P3\000250_depth.png 164.316 86.9165 595.934 
..\OpenARK_test\CVAR\P3\000251_depth.png 164.575 88.8827 596.645 
..\OpenARK_test\CVAR\P3\000252_depth.png 175.423 89.0195 608.194 164.863 89.9705 600.456 
..\OpenARK_test\CVAR\P3\000253_depth.png 180.253 86.9842 610.173 165.349 90.7295 598.013 
..\OpenARK_test\CVAR\P3\000254_depth.png 181.791 85.7026 601.43 164.468 90.6996 598.413 
..\OpenARK_test\CVAR\P3\000255_depth.png 182.597 85.6857 602.165 163.318 89.9873 595 
..\OpenARK_test\CVAR\P3\000256_depth.png 162.233 89.9184 594.867 
..\OpenARK_test\CVAR\P3\000257_depth.png 159.56 89.9025 597.317 
..\OpenARK_test\CVAR\P3\000258_depth.png 157.695 89.6821 590.546 
..\OpenARK_test\CVAR\P3\000259_depth.png 155.211 89.1271 588.356 
..\OpenARK_test\CVAR\P3\000260_depth.png 153.125 89.9251 587.47 
..\OpenARK_test\CVAR\P3\000261_depth.png 152.583 89.4978 587.114 
..\OpenARK_test\CVAR\P3\000262_depth.png 152.596 89.0089 585.84 
..\OpenARK_test\CVAR\P3\000263_depth.png 152.666 89.8715 587.337 
..\OpenARK_test\CVAR\P3\000264_depth.png 152.865 90.0572 588.692 
..\OpenARK_test\CVAR\P3\000265_depth.png 153.408 92.2538 594.094 
..\OpenARK_test\CVAR\P3\000266_depth.png 153.735 93.933 603.692 
..\OpenARK_test\CVAR\P3\000267_depth.png 177.508 83.779 596.444 
..\OpenARK_test\CVAR\P3\000268_depth.png 177.471 82.739 591.506 
..\OpenARK_test\CVAR\P3\000269_depth.png 177.249 82.7233 596.686 
..\OpenARK_test\CVAR\P3\000270_depth.png 186.073 91.943 610.631 172.376 82.9026 589.566 152.622 96.1357 604.813 
..\OpenARK_test\CVAR\P3\000271_depth.png 186.224 90.9157 606.947 166.354 84.7013 585.13 151.623 97.1086 604.667 
..\OpenARK_test\CVAR\P3\000272_depth.png 184.854 90.7761 604.025 163.422 86.4739 591.875 151.754 97.8174 607.31 
..\OpenARK_test\CVAR\P3\000273_depth.png 184.344 90.6491 603.207 162.689 88.8215 603.366 151.147 98.1588 613.833 
..\OpenARK_test\CVAR\P3\000274_depth.png 184.379 91.6075 606.049 161.333 91.6246 606.474 150.846 99.1738 609.269 
..\OpenARK_test\CVAR\P3\000275_depth.png 184.296 91.7107 607.734 162.462 90.6598 606.133 151.373 98.5729 609.951 
..\OpenARK_test\CVAR\P3\000276_depth.png 183.867 91.7501 604.161 162.482 89.7449 604.674 150.363 98.9629 608.303 
..\OpenARK_test\CVAR\P3\000277_depth.png 184.124 91.6962 608.456 162.955 89.4697 598.558 150.806 98.9645 606.107 
..\OpenARK_test\CVAR\P3\000278_depth.png 183.927 91.7613 604.753 163.286 88.7227 601.795 150.75 97.9573 607.072 
..\OpenARK_test\CVAR\P3\000279_depth.png 183.549 90.822 605.28 162.945 87.7785 603.829 150.113 96.9044 602.716 
..\OpenARK_test\CVAR\P3\000280_depth.png 183.217 90.7527 603.205 162.922 87.0679 596.568 149.889 96.6088 600.372 
..\OpenARK_test\CVAR\P3\000281_depth.png 182.481 90.7163 605.785 162.682 86.8237 595.317 149.686 96.1128 600.329 
..\OpenARK_test\CVAR\P3\000282_depth.png 181.925 89.7379 602.037 162.364 85.886 592.91 149.282 96.026 602.013 
..\OpenARK_test\CVAR\P3\000283_depth.png 181.597 89.7881 602.6 161.461 85.9286 591.62 148.734 95.9539 598.41 
..\OpenARK_test\CVAR\P3\000284_depth.png 200.478 108.778 613.481 181.331 90.5097 605.321 160.735 86.8127 595.422 148.333 96.6966 601.427 
..\OpenARK_test\CVAR\P3\000285_depth.png 205.294 106.951 605.027 180.361 89.7401 606.296 159.499 86.7866 594.84 146.759 96.264 602.645 
..\OpenARK_test\CVAR\P3\000286_depth.png 205.815 105.167 597.264 179.637 88.8536 598.958 158.208 86.8115 592.337 145.415 97.4725 597.635 
..\OpenARK_test\CVAR\P3\000287_depth.png 206.499 104.964 597.402 179.074 89.7511 598.633 157.816 87.5928 593.311 145.328 98.0017 599.094 
..\OpenARK_test\CVAR\P3\000288_depth.png 207.418 103.993 592.545 179.178 88.7618 598.215 158.274 87.4363 591.682 145.154 98.7104 598.805 
..\OpenARK_test\CVAR\P3\000289_depth.png 207.647 103.799 587.213 179.337 88.8194 594.808 158.92 87.5375 593.417 145.134 99.043 600.766 
..\OpenARK_test\CVAR\P3\000290_depth.png 208.215 103.853 589.317 179.999 88.8162 595.753 159.553 87.5902 591.448 145.805 99.9002 600.929 
..\OpenARK_test\CVAR\P3\000291_depth.png 208.13 103.82 588.852 180.045 88.8891 596.691 159.69 86.8636 591.704 145.843 99.1602 598.628 
..\OpenARK_test\CVAR\P3\000292_depth.png 208.691 103.043 588.533 180.691 88.6577 593.109 159.992 86.9011 590.229 146.432 99.0092 598.156 
..\OpenARK_test\CVAR\P3\000293_depth.png 209.335 103.001 588.351 181.373 88.0715 592.64 160.951 86.5439 592.214 147.4 98.8722 597.071 
..\OpenARK_test\CVAR\P3\000294_depth.png 209.442 102.963 586.425 181.6 87.9396 593.974 160.966 85.7969 589.118 147.306 98.0864 599.195 
..\OpenARK_test\CVAR\P3\000295_depth.png 209.151 102.765 586.12 181.417 87.7866 591.788 160.894 85.4988 588.607 147.221 97.8495 597.977 
..\OpenARK_test\CVAR\P3\000296_depth.png 209.088 102.891 585.257 181.264 87.7645 593.85 160.824 85.6526 589.161 147.055 97.0284 595.269 
..\OpenARK_test\CVAR\P3\000297_depth.png 208.951 102.948 586.659 181.192 87.956 594.789 161.043 85.7311 589.146 147.064 97.0315 594.333 146.816 100.035 593.976 
..\OpenARK_test\CVAR\P3\000298_depth.png 208.464 103.021 587.115 180.702 87.9096 595.908 160.76 85.8545 587.774 146.476 98.5045 595.059 
..\OpenARK_test\CVAR\P3\000299_depth.png 208.314 103.077 588.867 180.158 88.687 597.759 160.457 85.8892 588.359 146.199 98.1445 593.781 
..\OpenARK_test\CVAR\P3\000300_depth.png 208.054 103.144 588 179.48 88.855 594.864 160.003 86.0914 589.35 145.859 98.5552 593.771 
..\OpenARK_test\CVAR\P3\000301_depth.png 207.957 103.86 589.68 179.866 88.781 597.37 160.313 86.152 591.575 146.099 98.2697 592.786 
..\OpenARK_test\CVAR\P3\000302_depth.png 207.945 104.075 588.243 179.805 88.8822 599.375 160.314 86.5635 589.989 146.044 98.2955 593.353 
..\OpenARK_test\CVAR\P3\000303_depth.png 208.483 105.913 594.177 180.42 90.6167 598.536 161.098 87.9192 590.675 146.478 99.4981 594.394 
..\OpenARK_test\CVAR\P3\000304_depth.png 209.063 106.878 594.873 181.202 90.7849 600.861 162.06 88.0171 590.573 147.401 99.5734 595.019 
..\OpenARK_test\CVAR\P3\000305_depth.png 208.849 106.12 595.465 181.247 90.7419 599.608 161.631 87.0353 592.269 147.229 98.7508 591.452 
..\OpenARK_test\CVAR\P3\000306_depth.png 208.385 106.774 594.741 181.106 90.0244 598.24 161.539 87.0179 589.675 147.248 97.983 591.919 
..\OpenARK_test\CVAR\P3\000307_depth.png 208.411 106.898 594.838 181.167 90.8135 599.506 162.154 87.0596 590.039 147.757 97.5971 591.959 
..\OpenARK_test\CVAR\P3\000308_depth.png 209.453 108.104 600.962 183.089 92.453 603.555 163.772 87.8234 596.371 150.068 97.1906 588.89 
..\OpenARK_test\CVAR\P3\000309_depth.png 209.97 109.183 598.261 184.181 93.4596 607.226 164.774 88.0863 595.553 150.988 97.1761 590.476 
..\OpenARK_test\CVAR\P3\000310_depth.png 210.512 111.934 602.763 185.683 94.7926 608.081 167.062 89.0472 595.384 152.607 97.6369 589.317 
..\OpenARK_test\CVAR\P3\000311_depth.png 210.207 113.04 605.816 185.389 95.9404 612.52 167.23 89.9424 596.158 152.604 98.2407 590.966 
..\OpenARK_test\CVAR\P3\000312_depth.png 209.836 114.151 606.324 185.547 97.1045 607.855 167.31 91.771 599.547 153.104 99.7218 597.189 136.246 133.712 553.048 
..\OpenARK_test\CVAR\P3\000313_depth.png 209.182 117.707 614.317 184.801 103.187 618.291 168.36 97.8956 613.709 156.263 98.7282 594.271 138.609 130.884 554.581 
..\OpenARK_test\CVAR\P3\000314_depth.png 209.351 118.978 613.536 184.163 105.994 622.047 168.037 99.6542 613.92 158.32 96.8825 589.758 138.277 132.078 556.435 
..\OpenARK_test\CVAR\P3\000315_depth.png 208.999 120.715 614.192 138.627 132.719 560.742 
..\OpenARK_test\CVAR\P3\000316_depth.png 209.153 121.973 617.6 138.76 132.635 561.616 
..\OpenARK_test\CVAR\P3\000317_depth.png 208.019 123.495 617.657 139.874 132.014 564.166 
..\OpenARK_test\CVAR\P3\000318_depth.png 207.265 124.341 617.294 139.938 133.168 566.818 
..\OpenARK_test\CVAR\P3\000319_depth.png 166.279 93.9034 583.184 141.245 132.305 573.705 
..\OpenARK_test\CVAR\P3\000320_depth.png 166.883 93.9368 587.5 140.986 130.851 574.549 
..\OpenARK_test\CVAR\P3\000321_depth.png 167.55 93.6944 587 141.679 131.678 574 
..\OpenARK_test\CVAR\P3\000322_depth.png 168.255 94.858 589.48 168.22 95.3752 589.186 141.984 131.923 572.685 
..\OpenARK_test\CVAR\P3\000323_depth.png 169.521 93.1529 586.686 
..\OpenARK_test\CVAR\P3\000324_depth.png 170.663 93.8677 590.895 
..\OpenARK_test\CVAR\P3\000325_depth.png 171.603 93.9449 590.853 
..\OpenARK_test\CVAR\P3\000326_depth.png 171.91 93.8398 592.094 
..\OpenARK_test\CVAR\P3\000327_depth.png 173.419 94.9543 589.744 
..\OpenARK_test\CVAR\P3\000328_depth.png 174.879 95.8453 595.566 
..\OpenARK_test\CVAR\P3\000329_depth.png 174.813 97.0707 597.375 
..\OpenARK_test\CVAR\P3\000330_depth.png 175.709 99.8338 599.076 
..\OpenARK_test\CVAR\P3\000331_depth.png 175.581 100.268 604.029 
..\OpenARK_test\CVAR\P3\000332_depth.png 175.355 100.942 601.534 
..\OpenARK_test\CVAR\P3\000333_depth.png 175.452 101.954 607.096 
..\OpenARK_test\CVAR\P3\000334_depth.png 174.692 101.97 607.784 
..\OpenARK_test\CVAR\P3\000335_depth.png 173.791 101.912 602.892 
..\OpenARK_test\CVAR\P3\000336_depth.png 172.887 101.037 605.055 
..\OpenARK_test\CVAR\P3\000337_depth.png 172.665 101.958 604.838 
..\OpenARK_test\CVAR\P3\000338_depth.png 172.032 101.894 603.815 
..\OpenARK_test\CVAR\P3\000339_depth.png 171.417 102.852 604.922 
..\OpenARK_test\CVAR\P3\000340_depth.png 171.054 101.888 604.543 
..\OpenARK_test\CVAR\P3\000341_depth.png 170.479 100.1 603.875 
..\OpenARK_test\CVAR\P3\000342_depth.png 169.73 99.8041 596.645 
..\OpenARK_test\CVAR\P3\000343_depth.png 169.831 99.9492 597.836 
..\OpenARK_test\CVAR\P3\000344_depth.png 168.753 99.8232 595.76 
..\OpenARK_test\CVAR\P3\000345_depth.png 167.443 100.848 596.925 
..\OpenARK_test\CVAR\P3\000346_depth.png 167.02 107.208 607.489 
..\OpenARK_test\CVAR\P3\000347_depth.png 165.373 111.684 600.474 
..\OpenARK_test\CVAR\P4\000000_depth.png 298.001 55.6951 671.836 
..\OpenARK_test\CVAR\P5\000088_depth.png 281.568 48.1326 711.642 
..\OpenARK_test\CVAR\P5\000291_depth.png 275.737 72.4433 749.274 
..\OpenARK_test\CVAR\P5\000302_depth.png 274.357 69.9253 747.04 
..\OpenARK_test\CVAR\P6\000000_depth.png 105.115 197.919 861 
..\OpenARK_test\CVAR\P6\000001_depth.png 308.228 89.04 699.317 
..\OpenARK_test\CVAR\P6\000024_depth.png 300.367 79.4049 705.643 
..\OpenARK_test\CVAR\P6\000086_depth.png 300.475 83.3609 708.852 
..\OpenARK_test\CVAR\P6\000087_depth.png 299.563 82.4502 702.492 
..\OpenARK_test\CVAR\P6\000088_depth.png 300.661 82.6085 710.48 
..\OpenARK_test\CVAR\P6\000090_depth.png 300.493 82.6672 710.101 
..\OpenARK_test\CVAR\P6\000091_depth.png 299.571 82.3531 709.56 
..\OpenARK_test\CVAR\P6\000092_depth.png 298.71 82.2731 707.188 
..\OpenARK_test\CVAR\P6\000093_depth.png 298.53 82.5717 712.345 
..\OpenARK_test\CVAR\P6\000094_depth.png 300.002 81.9384 705.155 
..\OpenARK_test\CVAR\P6\000095_depth.png 299.459 82.1369 710.132 
..\OpenARK_test\CVAR\P6\000097_depth.png 299.366 82.6409 706.44 
..\OpenARK_test\CVAR\P6\000098_depth.png 299.662 81.6028 705.926 
..\OpenARK_test\CVAR\P6\000099_depth.png 300.34 81.6644 709.268 
..\OpenARK_test\CVAR\P6\000100_depth.png 299.581 82.127 707.145 
..\OpenARK_test\CVAR\P6\000101_depth.png 299.004 81.8507 710.425 
..\OpenARK_test\CVAR\P6\000163_depth.png 301.559 84.3772 710.36 
..\OpenARK_test\CVAR\P6\000167_depth.png 302.971 84.2817 710.048 
..\OpenARK_test\CVAR\P6\000168_depth.png 303.018 83.6007 705.756 
..\OpenARK_test\CVAR\P6\000170_depth.png 302.893 82.5097 709.452 
..\OpenARK_test\CVAR\P6\000171_depth.png 302.789 82.3696 704.227 
..\OpenARK_test\CVAR\P6\000172_depth.png 302.548 82.4523 707.992 
..\OpenARK_test\CVAR\P6\000189_depth.png 302.992 81.7918 701.709 
..\OpenARK_test\CVAR\P6\000190_depth.png 303.671 82.1689 707.254 
..\OpenARK_test\CVAR\P6\000191_depth.png 303.702 82.177 704.279 
..\OpenARK_test\CVAR\P6\000203_depth.png 305.2 82.7521 707.514 
..\OpenARK_test\CVAR\P6\000223_depth.png 301.752 82.7726 706.735 
..\OpenARK_test\CVAR\P6\000226_depth.png 301.8 82.8952 708.116 
..\OpenARK_test\CVAR\P6\000227_depth.png 303.177 82.1815 705.886 
..\OpenARK_test\CVAR\P6\000228_depth.png 302.743 82.2327 707.341 
..\OpenARK_test\CVAR\P6\000268_depth.png 302.724 81.4228 704.148 
..\OpenARK_test\CVAR\P6\000269_depth.png 302.696 81.285 706.38 
..\OpenARK_test\CVAR\P6\000277_depth.png 303.164 82.2129 702.808 
..\OpenARK_test\CVAR\P6\000289_depth.png 302.554 83.3285 710.258 
..\OpenARK_test\CVAR\P6\000290_depth.png 303.444 83.9843 706.373 
..\OpenARK_test\CVAR\P6\000291_depth.png 303.027 82.9834 703.707 
..\OpenARK_test\CVAR\P6\000292_depth.png 301.879 83.3783 704 
..\OpenARK_test\CVAR\P6\000311_depth.png 305.073 83.9797 703.221 
..\OpenARK_test\CVAR\P6\000312_depth.png 304.201 83.8766 710.571 
..\OpenARK_test\CVAR\P6\000338_depth.png 304.01 83.6874 703.916 
..\OpenARK_test\CVAR\P6\000367_depth.png 305.038 83.9361 707.953 
..\OpenARK_test\CVAR\P6\000369_depth.png 304.908 82.8758 699.146 
..\OpenARK_test\CVAR\P6\000382_depth.png 305.576 82.7418 701.317 
..\OpenARK_test\CVAR\P6\000386_depth.png 304.722 84.442 703.354 
..\OpenARK_test\CVAR\P6\000388_depth.png 304.865 83.6481 708.268 
..\OpenARK_test\CVAR\P6\000389_depth.png 305.738 83.6206 700.687 
..\OpenARK_test\CVAR\P6\000391_depth.png 305.106 83.3287 699.056 
..\OpenARK_test\CVAR\P6\000392_depth.png 305.65 83.2014 697.338 
..\OpenARK_test\CVAR\P6\000395_depth.png 304.811 82.8101 700.51 
..\OpenARK_test\CVAR\P6\000397_depth.png 305.881 83.2026 697.73 
..\OpenARK_test\CVAR\P6\000399_depth.png 305.796 83.1693 699.155 
..\OpenARK_test\CVAR\P6\000401_depth.png 305.934 83.955 699.461 
..\OpenARK_test\CVAR\P6\000403_depth.png 306.223 82.8534 696.536 
..\OpenARK_test\CVAR\P6\000405_depth.png 306.834 83.4062 699.145 
..\OpenARK_test\CVAR\P6\000414_depth.png 306.985 83.6673 695.525 
..\OpenARK_test\CVAR\P6\000415_depth.png 306.835 84.1432 698.112 
..\OpenARK_test\CVAR\P6\000416_depth.png 307.495 83.728 697.081 
..\OpenARK_test\CVAR\P6\000417_depth.png 306.29 83.427 700.127 
..\OpenARK_test\CVAR\P6\000418_depth.png 307.059 83.7223 700.97 
..\OpenARK_test\CVAR\P6\000419_depth.png 307.137 83.4979 700.847 
..\OpenARK_test\CVAR\P6\000420_depth.png 306.264 83.4482 699.039 
..\OpenARK_test\CVAR\P6\000421_depth.png 307.495 83.2683 696.645 
..\OpenARK_test\CVAR\P6\000422_depth.png 307.157 82.7449 695.179 
..\OpenARK_test\CVAR\P6\000423_depth.png 305.924 83.4015 699.146 
..\OpenARK_test\CVAR\P6\000424_depth.png 305.982 82.5828 694.601 
..\OpenARK_test\CVAR\P6\000425_depth.png 258.151 81.8211 768.769 
..\OpenARK_test\CVAR\P6\000427_depth.png 305.829 84.0108 702.014 
..\OpenARK_test\CVAR\P6\000429_depth.png 305.19 82.4643 697.803 
..\OpenARK_test\CVAR\P6\000430_depth.png 256.425 82.4164 779.459 
..\OpenARK_test\CVAR\P6\000431_depth.png 305.938 83.5903 698.449 
..\OpenARK_test\CVAR\P6\000432_depth.png 305.668 84.5018 705.314 
..\OpenARK_test\CVAR\P6\000433_depth.png 256.849 81.4155 771.576 
..\OpenARK_test\CVAR\P6\000434_depth.png 304.918 83.8224 703.112 
..\OpenARK_test\CVAR\P6\000435_depth.png 305.261 83.0773 701.367 
..\OpenARK_test\CVAR\P6\000436_depth.png 305.335 82.8299 702.159 
..\OpenARK_test\CVAR\P6\000437_depth.png 305.853 83.4438 703.784 
..\OpenARK_test\CVAR\P6\000439_depth.png 306.087 83.7172 697.682 
..\OpenARK_test\CVAR\P6\000440_depth.png 305.833 83.6963 703.248 
..\OpenARK_test\CVAR\P7\000052_depth.png 313.857 92.0207 688.971 
..\OpenARK_test\CVAR\P7\000057_depth.png 313.846 92.0958 691.52 
..\OpenARK_test\CVAR\P7\000058_depth.png 313.837 93.1156 690.7 
..\OpenARK_test\CVAR\P7\000060_depth.png 313.744 93.8646 691.705 
..\OpenARK_test\CVAR\P7\000061_depth.png 313.805 93.9427 692.253 
..\OpenARK_test\CVAR\P7\000062_depth.png 313.78 93.5585 689.446 
..\OpenARK_test\CVAR\P7\000066_depth.png 313.76 95.8057 691.209 
..\OpenARK_test\CVAR\P7\000076_depth.png 313.878 94.9289 692.583 
..\OpenARK_test\CVAR\P7\000086_depth.png 313.781 95.9255 692.587 
..\OpenARK_test\CVAR\P7\000092_depth.png 313.776 97.653 696.027 
..\OpenARK_test\CVAR\P7\000112_depth.png 313.772 97.857 695.924 
..\OpenARK_test\CVAR\P7\000116_depth.png 313.753 97.8403 696.343 
..\OpenARK_test\CVAR\P7\000125_depth.png 313.904 98.1417 695.899 
..\OpenARK_test\CVAR\P7\000126_depth.png 313.68 98.9455 693.365 
..\OpenARK_test\CVAR\P7\000129_depth.png 313.734 98.8048 697.292 
..\OpenARK_test\CVAR\P7\000132_depth.png 313.671 98.6705 695.532 
..\OpenARK_test\CVAR\P7\000138_depth.png 281.108 101.937 759.156 
..\OpenARK_test\CVAR\P7\000140_depth.png 313.753 97.6774 696.679 
..\OpenARK_test\CVAR\P7\000167_depth.png 313.763 95.5414 692.706 
..\OpenARK_test\CVAR\P7\000168_depth.png 313.841 95.737 691.222 
..\OpenARK_test\CVAR\P7\000172_depth.png 313.698 97.8093 694.585 
..\OpenARK_test\CVAR\P7\000174_depth.png 313.787 96.8423 693.371 
..\OpenARK_test\CVAR\P7\000175_depth.png 313.785 97.6763 694.505 
..\OpenARK_test\CVAR\P7\000182_depth.png 313.723 98.657 693.615 
..\OpenARK_test\CVAR\P7\000189_depth.png 313.814 97.9952 695.736 
..\OpenARK_test\CVAR\P7\000197_depth.png 313.645 99.582 694.541 
..\OpenARK_test\CVAR\P7\000201_depth.png 313.696 98.9114 695.164 
..\OpenARK_test\CVAR\P7\000204_depth.png 313.797 99.3333 695.949 
..\OpenARK_test\CVAR\P7\000205_depth.png 313.837 98.7817 693.726 
..\OpenARK_test\CVAR\P7\000207_depth.png 313.771 99.4562 693.789 
..\OpenARK_test\CVAR\P7\000211_depth.png 313.666 98.7894 693.374 
..\OpenARK_test\CVAR\P7\000217_depth.png 313.784 96.9938 693.177 
..\OpenARK_test\CVAR\P7\000218_depth.png 281.383 99.8562 754.848 
..\OpenARK_test\CVAR\P7\000219_depth.png 281.542 101.165 749.689 
..\OpenARK_test\CVAR\P7\000228_depth.png 313.814 95.9786 695.35 
..\OpenARK_test\CVAR\P7\000230_depth.png 281.322 98.8832 752.287 
..\OpenARK_test\CVAR\P7\000231_depth.png 280.386 98.102 754.524 
..\OpenARK_test\CVAR\P7\000232_depth.png 313.805 95.9666 692.32 
..\OpenARK_test\CVAR\P7\000234_depth.png 313.936 96.6842 693.352 
..\OpenARK_test\CVAR\P7\000235_depth.png 313.881 96.8617 693.452 
..\OpenARK_test\CVAR\P7\000236_depth.png 281.167 100.799 757.509 
..\OpenARK_test\CVAR\P7\000239_depth.png 313.754 96.8005 692.887 
..\OpenARK_test\CVAR\P7\000240_depth.png 313.723 95.7755 691.196 
..\OpenARK_test\CVAR\P7\000241_depth.png 313.761 96.518 692.259 
..\OpenARK_test\CVAR\P7\000242_depth.png 313.672 96.5827 692.117 
..\OpenARK_test\CVAR\P7\000243_depth.png 279.67 98.884 754.516 
..\OpenARK_test\CVAR\P7\000244_depth.png 313.764 96.6639 690.609 
..\OpenARK_test\CVAR\P7\000245_depth.png 313.751 96.4422 693.421 
..\OpenARK_test\CVAR\P7\000247_depth.png 279.901 99.5552 755.98 
..\OpenARK_test\CVAR\P7\000249_depth.png 313.835 95.8644 693.591 
..\OpenARK_test\CVAR\P7\000251_depth.png 281.234 98.1588 747.077 
..\OpenARK_test\CVAR\P7\000252_depth.png 313.605 95.5966 691.721 
..\OpenARK_test\CVAR\P7\000253_depth.png 280.353 99.629 753.596 
..\OpenARK_test\CVAR\P7\000254_depth.png 313.78 95.7668 693.355 
..\OpenARK_test\CVAR\P7\000255_depth.png 313.704 95.6269 689.9 
..\OpenARK_test\CVAR\P7\000256_depth.png 313.758 94.8656 688.876 
..\OpenARK_test\CVAR\P7\000257_depth.png 313.736 94.8569 690.962 
..\OpenARK_test\CVAR\P7\000258_depth.png 313.749 94.5383 690.053 
..\OpenARK_test\CVAR\P7\000260_depth.png 313.791 95.8777 691.933 
..\OpenARK_test\CVAR\P7\000261_depth.png 313.874 95.7329 687.157 
..\OpenARK_test\CVAR\P7\000262_depth.png 313.845 95.6713 690.45 
..\OpenARK_test\CVAR\P7\000263_depth.png 313.797 94.8635 691.171 
..\OpenARK_test\CVAR\P7\000267_depth.png 313.672 94.9402 690.602 
..\OpenARK_test\CVAR\P7\000268_depth.png 313.911 95.0598 688.881 
..\OpenARK_test\CVAR\P7\000270_depth.png 281.353 98.8561 753.384 
..\OpenARK_test\CVAR\P7\000271_depth.png 313.721 94.8586 691.524 
..\OpenARK_test\CVAR\P7\000272_depth.png 313.737 95.6364 688.791 
..\OpenARK_test\CVAR\P7\000273_depth.png 313.744 95.0191 690.765 
..\OpenARK_test\CVAR\P7\000274_depth.png 281.914 98.0543 751.211 
..\OpenARK_test\CVAR\P7\000275_depth.png 313.872 94.7462 690.336 
..\OpenARK_test\CVAR\P7\000276_depth.png 313.817 94.9025 690.423 
..\OpenARK_test\CVAR\P7\000277_depth.png 313.782 94.7959 690.689 
..\OpenARK_test\CVAR\P7\000278_depth.png 313.783 94.9347 688.573 
..\OpenARK_test\CVAR\P7\000279_depth.png 313.809 94.8537 691.324 
..\OpenARK_test\CVAR\P7\000282_depth.png 313.888 94.7211 690.87 
..\OpenARK_test\CVAR\P7\000283_depth.png 313.843 94.7913 692.17 
..\OpenARK_test\CVAR\P7\000284_depth.png 313.708 94.5802 691.667 
..\OpenARK_test\CVAR\P7\000287_depth.png 313.694 95.4688 693.531 
..\OpenARK_test\CVAR\P7\000288_depth.png 313.748 95.3318 690.595 
..\OpenARK_test\CVAR\P7\000289_depth.png 313.861 94.7607 689.654 
..\OpenARK_test\CVAR\P7\000290_depth.png 313.863 94.7541 691.505 
..\OpenARK_test\CVAR\P7\000291_depth.png 313.702 94.6273 690.682 
..\OpenARK_test\CVAR\P7\000293_depth.png 313.754 93.8763 690.41 
..\OpenARK_test\CVAR\P7\000294_depth.png 277.989 98.7013 759.657 
..\OpenARK_test\CVAR\P7\000295_depth.png 313.805 92.8409 688.838 
